# Step CPU_Time_s
         1        -0.8365        -0.8365         0.0000
         1         7.7448        26.0655
         1    0.7900    3.1416    0.0046    3.1416    0.0000    3.1416    0.0000    3.1416    0.0000    3.1416    0.0000    3.1416    0.0000    3.1416    0.0000    3.1416    0.0046
         1       0.000000
     10000        10.1184        -4.2694        14.3879
     10000         3.0385         7.5661
     10000    0.9862    2.8666    2.1408    3.0352    1.2146    2.4707    1.4919    2.6583    0.0326    0.1770    0.0023    0.5165    0.5265    0.2417    2.9748    0.4151    1.8070
     10000       0.256016
     20000         7.3084        -6.0037        13.3120
     20000         3.7404         5.3677
     20000    2.3945    2.3347    3.0913    2.9382    3.0550    0.2177    2.7226    2.9431    3.1151    1.7222    2.1916    0.9856    1.8263    0.4756    2.0365    1.6820    2.1240
     20000       0.504031
     30000         8.4318        -1.6548        10.0866
     30000         7.1526        22.9395
     30000    2.4297    2.8782    3.1100    1.0725    2.9644    2.3271    2.0459    2.6819    3.0390    3.0063    3.0974    3.0450    2.9582    3.1012    2.4489    3.1329    2.5730
     30000       0.720045
     40000        10.2439        -2.2944        12.5384
     40000         6.3036        19.0827
     40000    2.0205    2.8475    3.0969    2.0496    2.5330    1.9466    1.6454    2.9671    2.6290    0.7767    2.9133    3.1243    2.3575    0.7775    2.3270    2.7378    2.6452
     40000       0.944059
     50000         8.8725        -1.8457        10.7181
     50000         6.0509        18.6326
     50000    1.5279    1.7476    3.0858    1.9030    2.9940    2.7440    2.9379    2.4048    2.3691    1.9324    1.0624    2.9659    3.0868    0.1788    1.3798    1.3508    3.0092
     50000       1.164073
     60000         9.4084        -0.7696        10.1780
     60000         5.8925        18.5489
     60000    1.9735    2.5001    2.9180    1.2321    2.7771    2.6607    2.3053    2.2580    3.0793    1.5102    2.8452    1.1402    2.9071    2.9143    3.0740    2.2903    2.3713
     60000       1.392087
     70000        10.6421        -4.5365        15.1786
     70000         2.9801         5.2074
     70000    1.6031    2.0612    2.0162    2.4718    2.8785    0.1568    1.7859    2.7518    3.0813    2.7307    2.5268    0.5046    2.0815    0.7957    0.4328    0.6493    0.8951
     70000       1.616101
     80000        16.9537        -2.1346        19.0884
     80000         5.5248        16.2001
     80000    2.1046    2.2848    2.9027    0.8386    2.9580    1.5603    2.7999    2.5106    3.0035    2.1410    2.3400    2.1022    2.2597    2.3314    2.3773    0.3684    0.3358
     80000       1.832114
     90000         9.7901        -2.0623        11.8524
     90000         3.7455        11.9793
     90000    1.4628    3.0023    2.7871    3.0419    3.0368    2.9470    3.1332    1.9198    2.1463    0.2044    3.1363    0.0716    0.3346    0.5051    1.1406    0.0800    0.4373
     90000       2.044128
    100000         5.8568        -6.8182        12.6750
    100000         3.1774         7.5799
    100000    1.3184    2.3216    2.5318    2.7698    2.9711    1.1833    2.4023    2.5669    2.9911    0.0516    2.5637    1.5264    2.2724    1.2322    2.9873    2.1781    3.0282
    100000       2.256141
    110000         8.5341        -9.2359        17.7700
    110000         3.3795         8.7321
    110000    1.9133    2.9242    2.8995    2.8464    2.7554    2.7621    2.0543    0.8606    1.6140    1.0497    1.3879    1.7967    3.0192    1.0384    2.3685    3.1202    1.7330
    110000       2.504156
    120000         5.5382        -7.1467        12.6849
    120000         4.9264        13.3230
    120000    1.5888    1.9165    3.1314    2.5049    2.7492    0.7651    3.0916    1.4065    2.2477    1.2517    2.6633    1.1922    3.0323    2.3254    1.2839    2.9559    2.3187
    120000       2.740171
    130000        13.3329        -1.9735        15.3063
    130000         5.0355        15.9675
    130000    1.4536    2.1609    2.7137    1.6660    2.7486    2.9141    2.4935    2.3164    1.6176    2.6842    2.6456    1.3968    2.4578    1.3180    2.9964    0.1738    2.9260
    130000       2.984186
    140000         9.1424        -5.3194        14.4618
    140000         4.2004         8.9753
    140000    2.1151    2.7625    3.1239    0.8243    2.0178    2.3649    2.9892    1.1538    2.5410    2.7905    1.4616    2.7743    1.7800    2.2441    3.0537    2.7956    1.2070
    140000       3.240202
    150000        14.2334        -5.1293        19.3627
    150000         2.7166         8.8799
    150000    1.6429    2.1772    2.0815    1.2982    2.2570    2.9669    0.2452    0.1947    0.0681    1.4874    2.6207    0.3099    1.6700    1.6573    3.0092    0.0157    1.3580
    150000       3.484218
    160000        12.9756        -1.5690        14.5445
    160000         1.4058         3.2738
    160000    1.7838    3.1406    2.6633    0.4450    2.8132    0.0474    1.9219    1.3615    3.1268    0.9314    1.9606    2.9139    1.1268    0.9542    1.6247    0.3567    2.8805
    160000       3.720232
    170000        11.2250        -5.3998        16.6248
    170000         3.5457         8.1515
    170000    1.4824    1.5538    1.4213    2.3989    2.3664    3.1160    1.1725    0.8081    2.5974    2.1677    2.5408    2.8014    2.9678    2.1283    3.1145    2.0675    2.8930
    170000       3.948247
    180000        14.6770        -1.8807        16.5577
    180000         5.3212        12.5541
    180000    2.1256    2.3817    2.9581    1.4672    2.3916    0.6678    3.0478    2.9093    2.4765    2.8920    0.5811    2.9159    3.0661    2.9956    3.0406    2.9797    2.9210
    180000       4.160260
    190000         7.9681        -1.8928         9.8609
    190000         4.0837        11.7788
    190000    1.6103    2.5108    3.1108    1.5317    2.9257    2.9551    2.0846    1.9202    2.6324    0.3275    2.9060    2.6868    1.4015    0.6532    1.9086    1.0314    3.0218
    190000       4.384274
    200000        10.9257        -4.5828        15.5085
    200000         5.5604        13.8106
    200000    1.8363    2.1465    3.1118    0.9475    2.2084    1.4928    2.5963    2.7008    2.8360    2.8702    2.6771    2.7812    2.6344    1.9835    2.9545    2.4127    2.9960
    200000       4.604288
    210000         6.1232        -1.3501         7.4733
    210000         7.5807        24.8788
    210000    1.7399    2.0255    3.0895    1.6281    2.9204    3.1107    2.8792    2.6135    3.1287    2.0751    3.1136    1.9924    2.9618    1.9427    2.8308    1.5844    3.0196
    210000       4.812301
    220000         9.2007        -1.8599        11.0606
    220000         4.4889        15.4399
    220000    1.2661    2.0693    0.2069    3.0036    2.7082    2.0763    0.7146    2.1630    2.4046    0.9779    1.8639    0.0373    2.8788    0.2672    2.5653    1.4102    3.0625
    220000       5.024314
    230000         9.4603        -0.3037         9.7640
    230000         2.8123         7.6553
    230000    1.1595    2.2920    2.3722    0.8506    3.0160    1.7355    0.9854    2.5394    3.0038    0.0306    2.4756    1.4646    3.0969    3.0588    3.0551    2.2700    2.2226
    230000       5.240327
    240000         4.1235        -6.3337        10.4571
    240000         3.5433         9.9658
    240000    1.1606    2.1610    2.8288    2.8065    3.0794    2.9777    2.8398    2.3745    2.6689    1.0934    0.6745    2.9885    3.0245    1.3093    1.5699    0.8158    2.4802
    240000       5.472342
    250000        13.1209        -6.6995        19.8204
    250000         4.5706        12.3039
    250000    1.1843    2.2789    2.8166    2.5790    3.0474    3.0835    2.9352    2.6529    2.9949    0.8331    2.2498    1.4633    3.0523    2.8040    1.9571    1.5264    0.6789
    250000       5.736358
    260000         7.5596        -1.9547         9.5144
    260000         4.7817        16.2899
    260000    1.2961    2.0882    3.0263    2.1072    2.9409    2.8368    3.0663    2.4524    2.8783    1.1931    1.2266    0.6563    3.1342    2.0879    2.9056    1.3338    3.0611
    260000       5.996375
    270000        14.5530        -1.9299        16.4828
    270000         3.0991         8.4481
    270000    1.7057    2.0820    1.5544    2.0012    2.1620    0.5531    2.7181    2.1401    2.1651    0.2202    3.1101    1.3118    2.8983    1.2196    1.6196    1.0316    0.0485
    270000       6.216388
    280000         6.9516        -1.3470         8.2986
    280000         4.5468        12.9665
    280000    1.5268    2.1601    2.8970    1.2660    2.8768    2.6771    1.8344    1.0205    3.0955    0.6928    2.9972    0.3580    0.8463    0.0160    1.9885    0.5003    2.7305
    280000       6.428402
    290000         9.3089        -1.8416        11.1505
    290000         5.3003        15.2531
    290000    1.8596    2.7655    2.4798    2.2106    2.9299    2.7752    1.8266    2.4025    3.0311    0.6868    2.4636    2.8848    2.4997    0.8505    2.9817    0.7596    3.0324
    290000       6.644415
    300000         9.8396        -5.3644        15.2040
    300000         5.0267        11.6166
    300000    1.4183    2.3000    3.1345    2.3733    3.1099    2.8498    2.8315    2.8842    3.1130    0.2432    3.0285    2.4807    2.9896    1.6764    2.3507    2.8161    2.2815
    300000       6.900431
    310000         6.9668        -1.3531         8.3199
    310000         6.3686        20.1137
    310000    1.8648    2.6608    2.9738    2.0227    2.8960    2.9726    2.8115    2.1776    3.1167    1.5589    2.8273    2.2339    2.5973    3.1184    2.6449    2.8430    2.6225
    310000       7.136446
    320000        14.5791        -1.9885        16.5676
    320000         3.2161         6.5529
    320000    1.6646    2.7501    2.2192    3.0071    2.9969    2.9238    2.3014    2.5420    2.8142    3.0073    2.7966    0.9717    1.9134    2.3765    1.7222    1.8254    3.0799
    320000       7.344459
    330000         6.9653        -3.2396        10.2049
    330000         3.9381        11.4361
    330000    1.2561    2.1101    2.2158    1.2310    2.0323    2.9435    1.3870    3.1130    1.3255    0.3073    2.6854    0.3273    2.3386    0.1689    3.0178    0.5721    2.9070
    330000       7.600475
    340000         7.1437        -2.2414         9.3851
    340000         2.2905         5.0975
    340000    1.3074    1.8483    3.1037    0.7730    0.1924    2.4409    0.8331    0.1069    2.1329    0.2638    3.0279    0.1985    1.1630    0.0209    2.6339    1.7550    2.0110
    340000       7.836490
    350000         5.2828        -1.5470         6.8299
    350000         1.8274         5.4119
    350000    1.0076    1.4778    0.6976    0.5634    1.2670    2.1521    0.5230    2.1078    2.5702    0.6321    0.9523    0.5105    2.8620    0.8524    0.3348    0.8561    2.0823
    350000       8.056503
    360000        12.1988        -8.0581        20.2568
    360000         2.3431         5.5485
    360000    1.9733    0.9898    1.8959    1.1989    0.0049    0.6233    1.9330    0.9646    2.4765    0.0943    2.0733    3.0324    2.2984    2.3103    2.7128    0.5486    3.0311
    360000       8.276517
    370000         5.5359        -1.3751         6.9110
    370000         5.0829        17.5154
    370000    1.1605    2.0834    3.1068    1.0110    2.8208    2.8913    2.4073    1.9897    2.2846    0.7916    2.8383    1.9978    2.7719    1.1643    1.8807    0.3518    2.9972
    370000       8.516532
    380000        10.6858        -2.5130        13.1988
    380000         4.7599        10.4746
    380000    1.2293    2.0644    3.1096    1.1861    2.9752    2.4194    3.0124    1.7795    3.0810    1.4460    2.9983    0.3076    2.9484    1.5370    2.8505    1.9069    2.9269
    380000       8.740546
    390000         8.4956        -1.8231        10.3186
    390000         4.8702        14.1191
    390000    1.8398    2.7560    2.3790    2.2956    3.0511    2.1191    2.5535    2.3892    2.5835    0.9288    2.3100    0.3531    3.0782    0.3702    0.4351    0.9770    2.7506
    390000       8.980561
    400000         9.5312        -2.1082        11.6393
    400000         2.0548         7.1597
    400000    1.2920    2.6640    2.1263    2.4465    2.6645    2.7114    1.2823    1.6976    1.1456    2.0471    2.0160    1.2177    1.5037    0.1710    3.0701    0.3312    2.2479
    400000       9.188574
    410000         8.5213        -1.4136         9.9349
    410000         5.7337        17.8385
    410000    1.9372    2.4103    2.8362    1.5649    2.9709    2.6581    1.7464    2.3890    3.0893    0.9168    1.9165    1.5481    2.7661    1.6076    2.9231    1.6846    2.3615
    410000       9.392587
    420000         9.5713        -2.0080        11.5793
    420000         4.5961        15.1041
    420000    1.6378    1.8723    2.2700    1.1955    3.1137    2.8266    2.4664    0.9773    2.6039    1.9446    2.8443    2.4486    2.9778    2.5610    2.8965    2.1029    2.3130
    420000       9.604600
    430000         5.9948        -1.8160         7.8108
    430000         6.5020        19.9014
    430000    1.8857    3.0664    2.7825    2.9894    3.1068    2.8816    1.9213    2.2428    3.0410    0.7429    2.8298    0.8574    2.1021    1.1620    3.0587    1.2679    3.0191
    430000       9.820614
    440000         3.8149        -7.3716        11.1865
    440000         4.0336        12.8011
    440000    1.3964    1.8875    2.0404    3.1281    2.8998    1.3044    1.7282    1.2944    2.8200    0.9399    1.8935    0.8231    2.8820    1.6464    3.0242    2.7510    2.1834
    440000      10.056628
    450000         6.9475        -7.2365        14.1841
    450000         4.8350        12.7655
    450000    1.7580    2.9196    2.3980    2.6378    2.9567    3.0264    1.6945    2.0745    3.0371    2.8193    1.1659    0.9952    2.9372    1.4580    2.7981    0.4065    2.9882
    450000      10.300644
    460000         7.0858        -1.7610         8.8468
    460000         2.9024        10.6355
    460000    1.8633    2.5456    2.1988    2.5959    2.6424    2.9144    0.5931    1.8800    2.9509    1.0096    2.8269    0.9031    0.0612    0.2522    2.6751    0.6985    3.0313
    460000      10.524658
    470000         6.3862        -6.6486        13.0347
    470000         5.3907        14.2085
    470000    1.9102    2.8544    2.8339    3.1324    3.0902    2.9525    3.0356    3.0152    2.9894    0.1913    2.8426    3.0142    2.7352    3.0710    3.1405    2.4330    2.6116
    470000      10.760672
    480000        11.8510        -5.3658        17.2168
    480000         2.3217         2.0439
    480000    1.9262    2.3237    1.4118    2.0891    1.2892    0.2345    1.7185    2.3609    2.7745    0.9002    2.5612    2.3622    0.7137    0.0379    2.7643    0.4641    2.9076
    480000      11.004688
    490000        10.9123        -2.1696        13.0819
    490000         4.1566        10.8931
    490000    1.3002    1.9519    3.0053    1.0448    2.6288    2.2347    1.7210    1.6690    2.7740    0.2976    1.5226    2.4261    2.3681    1.6761    2.2042    2.8033    2.9012
    490000      11.252703
    500000         9.8659        -1.3812        11.2471
    500000         5.7689        18.0044
    500000    1.8350    2.6265    3.1117    2.6435    2.9190    3.0999    2.7510    2.3597    3.0673    1.7966    3.1231    1.4810    3.0494    1.2645    2.7179    1.2431    2.8505
    500000      11.468717
    510000         5.3931        -1.6829         7.0760
    510000         7.2416        22.3453
    510000    1.9604    2.4229    2.9532    1.5615    3.1171    1.8776    2.9632    2.3884    2.9405    2.8824    2.8183    0.9791    2.5223    1.5398    3.0635    2.9604    1.4787
    510000      11.672729
    520000         8.0498        -6.3688        14.4186
    520000         4.4024        11.2482
    520000    2.0103    2.6968    2.9227    1.7390    3.0184    2.4468    2.3556    2.0070    2.7967    1.3970    2.7971    3.0075    2.5009    2.9722    1.7317    1.9950    1.9511
    520000      11.892743
    530000         3.1388        -7.7742        10.9130
    530000         4.4552        10.9526
    530000    1.5703    2.2429    2.8761    2.8125    3.0213    2.3964    2.5206    0.4807    3.0177    1.8228    2.7678    0.0731    3.0166    0.0769    2.0669    2.2052    0.4104
    530000      12.152759
    540000         6.0235        -6.6175        12.6409
    540000         2.2449         4.9433
    540000    1.5583    2.1488    0.7253    2.9137    2.7187    0.7315    0.0599    2.4961    3.0888    1.1203    2.2418    0.3844    0.3801    0.4024    2.7796    0.0383    3.0540
    540000      12.404775
    550000         7.7122        -7.0126        14.7248
    550000         2.9605         6.9408
    550000    1.8440    2.5582    3.1119    2.9664    2.8905    0.5115    1.0345    2.3793    2.6635    0.2561    2.5279    1.8597    0.3824    2.5903    1.9979    0.0765    2.8082
    550000      12.664791
    560000         9.1395        -2.5434        11.6828
    560000         2.8904         6.3947
    560000    1.6880    1.6491    1.0165    2.7557    0.2785    1.4535    1.0115    0.3694    1.9939    1.2217    2.6852    0.1264    2.6346    0.4175    3.0848    0.2794    0.3876
    560000      12.916807
    570000        11.0263        -1.5892        12.6155
    570000         4.0657        10.2543
    570000    1.7995    2.2879    3.1266    1.3261    2.8279    2.9141    2.7013    1.8958    3.0761    0.5339    3.0215    0.2910    2.7127    1.4370    1.7542    0.2491    0.9555
    570000      13.160822
    580000        10.3903        -2.1028        12.4931
    580000         2.4421         6.5924
    580000    1.9041    2.7965    1.9106    2.0671    2.0386    2.6765    1.2630    1.3020    3.0833    1.4369    0.8609    0.1683    2.6075    1.1930    2.9796    0.4817    2.9231
    580000      13.412838
    590000         8.5467        -1.8023        10.3490
    590000         3.8608        10.9897
    590000    1.4732    2.2079    2.7125    1.7395    2.5961    2.7693    2.9672    2.9626    2.8079    0.0143    2.8998    2.7256    2.8253    2.7740    0.7347    2.3484    1.5029
    590000      13.664854
    600000         7.1638        -1.9392         9.1030
    600000         7.9133        26.2548
    600000    1.7413    3.0861    2.7683    3.1277    3.0852    2.8818    3.1051    2.7814    3.0963    2.8007    2.9899    1.6897    3.1212    1.0325    3.0662    1.1250    3.0808
    600000      13.896868
    610000         8.0961        -1.9078        10.0039
    610000         4.5070        11.9029
    610000    1.5767    2.4111    2.8105    1.1225    2.8688    2.5249    2.2469    1.6307    2.8884    0.7344    1.5855    1.9900    3.0512    1.3870    3.1010    0.0149    3.0358
    610000      14.100881
    620000         9.0430        -1.5036        10.5466
    620000         7.3537        24.2540
    620000    1.9570    3.0227    2.8746    2.2749    3.0794    2.3716    2.8481    1.6265    3.0618    0.8560    2.6950    1.8398    2.3027    1.8671    2.9509    1.9062    2.9032
    620000      14.316895
    630000         8.2902        -5.9810        14.2712
    630000         4.6320        11.1845
    630000    1.7886    2.4165    2.6447    2.1482    2.7309    2.9160    3.0885    0.1293    2.7671    1.1346    2.3620    0.2294    2.9522    0.3414    2.6762    2.8660    2.9412
    630000      14.572911
    640000        15.7004        -2.3680        18.0684
    640000         5.5440        18.5874
    640000    2.0711    3.0979    2.9616    0.0149    2.7741    3.0222    2.9830    0.5773    2.2796    2.0819    2.9817    2.1905    3.0753    2.0799    2.8837    1.3463    2.8399
    640000      14.796925
    650000         3.7446        -2.7890         6.5336
    650000         5.2796        13.2353
    650000    1.7865    2.8853    2.6783    1.7904    2.8502    2.7765    2.5357    1.6176    3.0428    0.9130    3.1028    2.8613    2.9999    0.3745    3.1018    2.8980    3.1109
    650000      15.024939
    660000        10.1292        -1.5553        11.6845
    660000         2.7601         5.4200
    660000    1.8356    2.7497    2.0454    0.4504    2.6035    2.8659    2.9708    3.1064    1.4433    1.8868    2.8628    1.2147    1.1836    1.5028    0.5573    0.5656    2.3734
    660000      15.256953
    670000        11.7975        -2.2066        14.0041
    670000         5.4171        14.0750
    670000    1.8295    2.8934    2.3948    3.0611    2.7995    3.0182    2.7745    2.3424    3.0045    1.9876    3.1037    0.9106    3.0186    3.0160    3.0079    1.4722    2.9134
    670000      15.480967
    680000        10.5232        -5.9168        16.4400
    680000         4.5681        10.3057
    680000    1.3626    2.7379    2.8088    2.4230    2.8632    2.3771    2.8220    2.9682    2.5717    0.4833    3.0190    2.3187    2.5787    0.9624    1.4553    1.0918    1.4249
    680000      15.716982
    690000         9.4018        -1.9296        11.3314
    690000         5.4855        14.2157
    690000    1.8000    0.2925    2.5546    3.1377    2.3591    2.4387    2.6019    2.8116    2.9705    3.0674    2.8224    2.9259    2.3195    2.1958    2.8122    1.3210    3.0480
    690000      15.960997
    700000        11.0654        -3.9021        14.9675
    700000         3.8795        11.3280
    700000    1.3586    2.3668    2.4698    2.3166    2.6945    0.0165    2.9484    2.3812    3.1111    0.3790    2.9370    1.8291    2.8024    1.8512    2.7914    0.4980    0.4790
    700000      16.189012
    710000        10.2211        -3.8113        14.0324
    710000         3.2542         7.9578
    710000    1.9898    3.0227    3.0506    3.1060    2.7094    2.7470    2.7416    0.3481    2.8828    2.6579    2.2271    2.0456    1.1535    0.2711    0.5330    1.4182    3.0783
    710000      16.453028
    720000         7.1596        -7.8563        15.0158
    720000         3.3395         8.3657
    720000    1.5598    2.5877    2.9771    0.7573    2.8346    2.7653    0.5239    1.1066    2.8113    2.3344    1.7315    2.6394    2.5709    1.0561    3.1079    2.7926    1.8493
    720000      16.693043
    730000         7.3906        -1.3684         8.7591
    730000         1.0925         2.0699
    730000    1.0513    2.2224    0.0075    0.7146    2.5095    0.6836    2.4645    1.1521    2.3130    0.0049    2.3021    0.2325    2.4196    0.6589    2.1080    0.8637    2.4588
    730000      16.937058
    740000        14.3554        -3.9512        18.3066
    740000         4.6268         9.3346
    740000    2.0803    3.0239    2.8622    3.0661    2.8237    3.0278    3.1217    0.5139    2.2599    3.0325    0.7403    2.2851    2.8390    1.0627    1.7639    0.3968    2.3146
    740000      17.153072
    750000         8.0187        -7.6602        15.6789
    750000         4.1029        11.5123
    750000    1.1122    2.3886    3.0464    1.7536    3.0585    2.1795    1.6930    2.8999    2.9235    0.0992    3.0933    1.9024    2.0524    1.1417    2.8664    0.9346    0.4595
    750000      17.377086
    760000         7.2422        -2.5823         9.8245
    760000         4.2515        15.2653
    760000    1.6382    2.0903    2.7424    3.0939    2.8497    2.5653    2.3107    2.7227    2.1885    0.1884    2.6365    2.3165    2.5931    0.3198    2.8754    1.7162    2.7175
    760000      17.613101
    770000        11.3619        -2.5435        13.9055
    770000         2.5308         7.9457
    770000    1.7609    0.3104    1.8852    1.8663    2.8695    1.8203    1.9528    1.7569    2.8698    0.5085    2.8374    0.1068    0.9881    1.4132    1.9807    2.6613    1.3200
    770000      17.853116
    780000         3.9049        -1.3643         5.2693
    780000         7.6581        25.3315
    780000    1.9906    3.1049    2.8628    2.7933    3.1367    2.6754    3.0101    2.5465    2.8685    1.8227    2.9482    1.2897    3.1059    0.3632    2.9326    0.3616    3.1220
    780000      18.089130
    790000         5.4340        -6.4289        11.8629
    790000         4.7956        12.0963
    790000    2.0744    2.2786    2.9465    1.8137    3.0257    2.3145    1.9890    1.1077    2.2042    3.0488    2.6217    1.2560    2.9045    2.0592    1.9191    3.0203    2.4372
    790000      18.337146
    800000        13.9222        -6.5760        20.4981
    800000         3.9569        12.3416
    800000    1.8908    2.3141    2.8198    3.0409    3.0083    2.7235    1.7528    1.3025    1.6380    0.6238    3.0313    0.2166    1.6828    0.8191    2.3357    0.4887    0.2327
    800000      18.557160
    810000        13.9533        -2.2906        16.2439
    810000         4.8819        14.1505
    810000    1.4752    1.9263    3.0747    1.0158    3.0932    2.2170    2.3230    2.6553    2.8703    1.7589    2.9555    0.4752    3.1153    1.7858    2.7628    2.2282    2.2408
    810000      18.813176
    820000        13.1450        -2.1191        15.2641
    820000         3.5766        13.2278
    820000    1.0128    2.3417    0.2839    0.4041    1.4263    1.6400    0.9927    2.2706    2.3805    2.8797    1.7435    1.6381    3.0047    2.9487    3.0146    1.9070    2.7212
    820000      19.025189
    830000        16.5314        -0.4985        17.0299
    830000         4.1767        11.6884
    830000    1.7065    3.0946    2.7377    3.0047    2.9827    3.0512    2.6867    1.9182    2.1294    2.4960    0.2023    0.5448    2.4997    0.9857    1.3973    0.4245    2.9834
    830000      19.237202
    840000         9.5017        -3.2375        12.7392
    840000         2.9032         4.1105
    840000    1.0439    2.3986    2.8260    1.2540    2.3985    0.7352    2.5586    2.9982    1.8397    1.7765    2.5948    0.0346    3.1098    1.1071    1.8213    2.3145    2.7309
    840000      19.493218
    850000         6.9631        -2.1150         9.0781
    850000         3.0589         7.5691
    850000    1.4089    2.1595    2.5247    0.9601    2.3627    0.6397    0.3039    3.0500    1.2637    0.7096    3.0383    0.1105    1.9970    2.2429    2.8197    0.4211    3.1206
    850000      19.717232
    860000         5.9921        -8.3021        14.2941
    860000         2.7835         1.6738
    860000    1.9089    2.0195    1.4075    0.4380    2.1651    3.0237    0.4892    1.5739    2.7837    1.9402    2.4843    1.6150    1.6120    0.6471    2.5363    1.1854    3.0817
    860000      19.949247
    870000         7.4787        -1.8414         9.3201
    870000         2.9536         9.5085
    870000    1.2836    2.3058    2.8017    2.7292    2.4929    2.6658    0.9603    2.0192    1.7164    0.5170    1.8601    2.0204    0.3711    0.1320    1.4079    0.4634    2.8910
    870000      20.177261
    880000        10.3188        -6.5958        16.9145
    880000         3.9806         8.1471
    880000    2.0116    2.9179    2.7553    2.7493    3.0828    0.2079    2.6791    1.8409    2.7456    1.1502    3.0696    1.2861    3.0361    1.8584    1.6020    1.2105    3.0823
    880000      20.425276
    890000        12.9133        -6.4594        19.3727
    890000         3.0799         6.1863
    890000    1.7418    2.8033    2.9282    2.5829    3.1414    0.4499    2.7332    2.9597    2.4401    1.5667    2.3060    0.2243    2.1708    0.3215    2.1273    0.1807    2.3677
    890000      20.665291
    900000         8.7967        -5.8399        14.6367
    900000         4.7002        13.6951
    900000    1.7007    2.1538    2.8361    1.7454    3.0078    2.7705    2.6959    2.1419    2.7107    1.2910    3.1135    0.5158    2.9760    1.0271    2.9541    1.0375    3.1124
    900000      20.893306
    910000         8.3262        -2.9365        11.2627
    910000         4.1366        13.6998
    910000    1.7737    2.6390    2.8391    1.7973    0.4234    2.2992    1.0411    2.8304    2.8108    3.1087    2.5078    0.8354    2.0907    0.8271    2.3973    1.8288    2.5686
    910000      21.125320
    920000         9.7721        -3.7927        13.5648
    920000         3.6279         9.2029
    920000    2.1033    2.7897    0.4939    0.5998    0.8554    2.3433    2.6800    2.4282    2.7408    3.1163    2.7526    0.0199    2.1928    1.9781    2.8915    0.3879    2.8866
    920000      21.377336
    930000        10.9059        -2.4283        13.3343
    930000         2.5140         5.5298
    930000    1.9470    2.3234    2.4157    1.9099    2.2436    2.0456    1.9818    0.3219    3.1030    2.6818    2.6514    0.6978    2.2277    1.2033    3.0094    2.0593    2.2474
    930000      21.641352
    940000         6.9308        -5.9510        12.8818
    940000         2.5783         6.8733
    940000    1.9486    2.8487    3.0419    2.2618    2.0164    2.7815    1.8279    0.4206    1.1916    0.7696    0.1153    0.6385    2.3207    0.3193    2.7248    0.3550    2.9320
    940000      21.889368
    950000        11.5063        -1.6175        13.1237
    950000         3.0633         9.0887
    950000    1.0944    2.3180    2.6663    0.0433    1.9416    2.2847    1.8198    1.6470    2.7055    0.5667    0.6688    1.2580    0.4812    0.5253    2.3652    0.1976    1.5530
    950000      22.125383
    960000         8.7315        -1.9076        10.6391
    960000         1.9482         3.0704
    960000    1.3655    2.2431    2.5025    2.5762    2.9174    1.8687    1.9699    1.7731    2.5446    1.0822    1.1823    0.0342    1.4067    0.0744    2.4461    2.9203    2.2882
    960000      22.349397
    970000         7.9417        -1.8046         9.7463
    970000         5.8820        19.7763
    970000    2.0733    2.3405    2.9292    2.0770    3.0062    2.6621    2.9786    3.1393    2.8806    2.1561    2.4721    1.9614    2.8066    0.7032    2.6583    0.1103    2.2088
    970000      22.561410
    980000         9.5669        -2.1717        11.7386
    980000         5.3728        15.8831
    980000    1.6588    2.9939    2.9562    2.3700    2.8297    2.4798    2.5179    2.2882    3.0617    0.0371    2.9378    2.9368    2.1488    0.4895    2.8546    3.0895    3.0567
    980000      22.797425
    990000         9.6753        -2.2470        11.9222
    990000         1.7473         5.1644
    990000    1.5464    2.7181    2.2050    0.5287    2.6563    1.0027    1.0398    1.6699    0.2056    0.4154    2.3311    0.2833    2.2151    1.5901    3.0812    1.1937    2.3843
    990000      23.009438
   1000000        15.3386        -2.6162        17.9548
   1000000         4.7809        15.5410
   1000000    2.1985    2.4877    1.7816    2.2829    0.4540    2.2865    1.2086    1.7537    2.7229    1.7615    2.9467    2.4632    2.4373    2.7002    2.8887    3.1088    1.9052
   1000000      23.229452
