# Step CPU_Time_s
         1        -2.2949        -5.0648         2.7700
         1        37.7637       130.3732
         1    2.3973    2.9233    0.6626    0.7308    1.8431    2.9241    0.6890    3.1086    0.6354    2.9929    1.5355    1.0777    0.5949    2.9836    1.4707    1.1458    0.5900    2.9833    1.5266    1.0791    0.6034    2.9750    1.6018    1.0052    0.6034    2.9750    1.1097    2.5743    0.7407    2.5264    2.5354    0.0461    1.0921    2.0049    2.4454    0.6205    0.1862    2.8512    2.5976    0.2662    0.3942    2.8567    2.6399    0.1927    0.4236    2.8549    2.5262    0.3131    0.4257    2.8422    2.5246    0.3131    0.4257    2.8439    2.5205    0.3183    0.4228    2.8466    2.5205    0.3183    0.4228    2.8466    2.2771    1.0549    0.2308    2.9906    2.9696    0.0714    0.1663    2.9906    2.9696    0.0709    0.1687    2.9870    2.9707    0.0698    0.1687    2.9870    2.9707    0.0698    0.1683    2.9874    2.9701    0.0704    0.1690    2.9853    2.9494    0.0984    0.1613    2.9819    3.0982    0.3797    0.9207    2.1717    2.7271    0.5161    1.4256
         1       0.004000
     10000        37.4994       -17.0706        54.5700
     10000         8.1547        18.7526
     10000    2.0051    0.7801    0.5283    3.1192    1.2182    2.1514    0.7730    1.4934    0.7720    0.3191    0.8595    2.9129    0.8777    1.5448    1.4368    2.2993    1.3959    2.9341    1.5627    0.0029    2.1668    1.2810    1.0761    0.0439    1.2397    1.1979    0.6254    1.5063    0.5624    1.2054    0.8022    1.8410    0.0960    2.1353    0.2990    2.5387    1.4335    1.1861    1.6090    1.1623    1.9301    0.5139    1.8305    0.1675    2.1214    0.3819    2.6749    0.5205    1.7373    0.6343    1.7008    0.0746    0.7558    0.1932    3.0657    0.7648    1.0131    0.0194    1.3605    0.5855    1.3256    2.1183    1.4741    0.0573    1.3188    0.1746    0.5038    0.3797    1.2371    0.0298    0.5168    0.2774    0.9586    0.0537    0.9025    0.4855    0.4628    1.7666    0.6986    1.9140    0.7269    2.4625    0.3180    2.3011    0.9927    1.0844    0.7353    0.9915    0.8023    1.2283    0.1873    2.2284    0.4259    1.9524    0.0310    0.7482    1.1244
     10000       3.504219
     20000        40.3850       -18.8560        59.2410
     20000        22.1434        57.3376
     20000    1.3273    1.5071    1.7506    3.0696    1.0546    3.0584    1.5401    2.8951    0.0336    1.9894    1.0753    1.2568    3.0366    2.6912    2.1069    2.2207    2.2784    0.8119    2.1872    1.5259    1.2311    1.2384    2.3525    0.0330    2.8802    0.2857    2.9538    0.7062    1.7927    0.4402    2.2939    1.5918    2.6639    1.3235    2.4986    1.5764    3.1102    3.0377    2.2321    0.4191    2.5023    1.6501    2.6101    1.7704    2.2191    2.5051    1.6271    2.0533    1.1235    0.1933    1.2974    2.9715    1.7243    2.3369    2.4557    2.1799    2.4007    1.7963    1.1495    1.6066    0.0632    1.9558    1.8364    1.7010    2.5359    1.2238    2.6505    0.6344    3.1361    0.3400    2.7850    1.8280    2.9757    1.9209    2.9341    0.4091    2.3455    0.7809    1.6540    1.7615    2.5009    0.5223    0.9750    1.3358    2.9902    0.1501    2.1285    0.7561    2.4124    0.8231    0.0686    2.5112    1.7030    0.1209    1.4613    0.8224    0.2199
     20000       7.140446
     30000        24.1139       -43.0271        67.1410
     30000         5.0147        10.1179
     30000    1.7475    1.1996    2.8630    2.6785    3.0912    2.9742    3.0378    1.8587    2.8715    1.1585    2.2029    2.9873    1.3295    3.0615    2.2599    1.1040    1.7214    1.9668    1.3721    3.0970    0.7313    1.1628    2.4419    1.4421    1.4732    1.2418    0.9580    0.6654    0.4465    0.5346    2.7940    2.0826    1.1654    0.4529    1.0252    0.9437    1.0505    2.7606    1.3696    0.2686    1.9893    1.0563    2.9520    0.1407    0.0983    1.5849    0.8847    2.5797    1.2878    2.8648    1.5924    0.3309    1.6944    2.2323    0.3066    0.5441    0.0044    2.8365    2.7252    0.3796    0.2743    0.7487    0.0721    0.8493    2.8998    0.3714    2.2725    0.0641    2.5272    0.5556    0.5700    0.8976    2.2878    2.5987    2.5203    0.1194    2.1911    0.1030    3.0200    0.4605    1.3302    1.5308    1.3256    0.1674    1.4214    0.3283    1.3937    1.5548    0.9383    0.1631    2.7496    0.0395    3.0685    0.0723    1.7862    0.0529    1.3547
     30000      10.792674
     40000        17.6189       -45.8813        63.5002
     40000         5.4584         5.9479
     40000    1.8268    1.1268    2.7386    2.9625    2.7192    0.3031    1.7896    0.1877    2.9899    1.7876    2.3020    2.6249    1.4563    2.7823    1.9184    1.0581    1.9621    1.7275    1.6172    3.1253    0.9445    1.2757    2.2374    1.8179    1.0835    1.1818    0.8933    0.1429    0.7625    1.6446    1.9660    2.0474    1.1312    0.7996    0.6657    1.4413    1.2583    2.7134    1.3726    0.3137    1.7940    1.3311    2.5497    1.4201    0.3970    2.5470    0.0784    2.2685    1.3461    2.4274    1.3823    0.6413    1.2856    2.1174    0.4459    0.6867    0.0163    2.6850    2.0949    1.0473    0.1398    1.2232    0.0331    1.2947    2.6350    0.9119    1.4713    2.2996    0.6254    1.0933    1.2368    2.7651    2.2952    2.0125    2.8919    0.3766    1.8999    0.1876    2.6147    1.7092    1.3883    1.3202    2.2690    1.5061    2.9951    1.1092    2.6602    0.5054    1.1688    1.9678    1.7755    0.9280    2.2723    0.0774    0.5367    0.0386    2.9673
     40000      14.684917
     50000        16.5929       -50.6033        67.1962
     50000         6.9626         6.8321
     50000    2.0174    0.7928    2.5964    2.9521    2.6184    1.2241    1.7604    1.2318    3.0828    1.1670    2.4969    3.0675    2.0383    2.9335    1.0264    1.9077    0.8140    3.1204    0.2930    2.6920    0.0708    2.3753    1.9512    1.9210    1.2482    2.9396    0.9299    1.5418    0.9139    1.6292    1.4950    2.0839    0.3742    1.2835    1.2100    1.4089    1.2924    2.3459    1.8040    0.3055    2.3941    0.5876    2.7912    0.5754    0.0619    0.7904    0.7599    2.9478    1.0564    2.4349    1.1107    1.8597    0.3824    2.7980    0.3044    1.2004    1.2444    2.0567    2.1456    1.7311    1.0369    0.2470    1.1055    0.5100    2.8068    0.3982    0.4095    0.0471    0.0379    1.1274    1.3992    3.1060    1.6204    2.5728    1.7558    0.4751    1.2926    0.9676    2.0850    2.0120    0.8369    0.6535    1.9414    0.0577    0.4742    0.2369    1.5390    0.8771    1.2824    1.8772    0.2636    0.9687    1.2547    2.3196    1.0735    1.5659    1.5719
     50000      18.637164
     60000        20.3422       -43.2663        63.6085
     60000         8.1026         7.1161
     60000    1.9398    0.8464    2.7136    2.7223    2.6076    1.9391    1.7781    2.2491    2.6438    0.7233    2.1746    3.0669    1.8744    3.1280    1.0030    2.3342    0.1477    2.6297    0.6243    2.4847    0.4088    2.0270    2.3140    1.6955    0.8196    3.0758    0.9714    0.6840    1.3481    1.2128    3.0811    0.2212    1.8736    2.3764    1.9048    1.3845    1.2920    3.0997    1.9526    0.0317    2.8659    0.8104    2.5309    1.4269    0.1358    0.6270    1.1491    1.1714    1.3167    2.2892    1.3105    1.0603    1.4096    2.5533    0.3148    0.9948    1.1998    1.5824    2.4121    0.5549    0.9506    0.1228    1.1039    0.9181    2.9435    0.4428    1.8834    0.0344    1.7372    0.9542    0.8279    1.9590    2.6361    2.3311    3.0382    0.1712    2.3432    0.1823    2.9802    0.3710    2.0567    0.6458    2.1668    0.1737    1.4884    0.0196    0.2364    0.3364    1.5897    1.7199    0.3776    0.9812    3.0789    1.4027    1.1534    1.9739    1.6941
     60000      22.649415
     70000        18.2084       -39.7415        57.9500
     70000         6.5162         5.6714
     70000    2.1202    0.7064    2.5038    2.9730    2.5754    1.0168    1.6699    0.8181    3.0923    1.5718    2.5973    3.0991    1.8084    3.1412    1.1551    2.9041    0.4755    2.5782    0.0232    1.8549    0.0231    2.7894    1.4399    2.1830    1.0990    2.5810    0.9023    2.1991    0.9259    1.3103    0.4133    2.9274    0.2341    1.7381    0.9729    1.4182    1.2550    2.2857    1.8606    0.4316    2.7199    0.5932    2.6998    0.7095    0.1595    1.2643    0.4945    1.0347    0.5756    2.4323    0.7483    2.6144    0.0410    2.3955    1.2851    1.2397    0.9726    2.3057    1.8224    1.8281    0.7347    0.2886    0.9017    0.2608    2.8642    0.0954    0.2505    0.3012    0.0211    0.9353    2.0804    1.7064    1.0146    1.9260    2.3477    0.7922    0.8995    0.4251    2.0204    1.2099    0.1281    0.3992    1.3594    0.3745    0.7044    1.4755    0.1189    3.0125    0.2002    1.2825    0.3816    2.9731    3.0662    0.4381    0.8879    0.1484    1.6632
     70000      26.617663
     80000        18.0279       -40.2085        58.2364
     80000         7.2820         9.2350
     80000    2.0984    0.6909    2.5593    3.0014    2.6758    0.7442    1.5198    0.9795    3.0954    1.1864    2.5020    3.0882    2.0280    3.1055    0.7312    2.2533    0.7576    2.4968    0.2226    2.3513    0.0124    3.0337    1.7481    1.9575    1.1324    2.6702    1.1208    1.5331    1.0627    1.2666    2.5413    0.9101    0.5427    2.2857    1.3027    1.3609    1.2427    2.2709    1.8365    0.4180    2.6822    0.4525    2.7166    0.6736    0.0245    0.6302    0.7598    0.6340    0.6131    2.2918    0.7478    2.6942    0.0523    2.3939    1.2724    1.4159    1.2958    2.1250    2.4543    1.3903    0.8673    0.1121    0.9744    0.6316    2.9460    0.2337    0.4877    0.1178    0.1989    0.8026    1.9950    2.0029    1.4447    2.1732    2.1697    0.8110    0.9180    0.3515    2.4971    1.3811    0.3123    0.5588    1.6523    0.0008    1.0689    1.1816    0.2277    3.0633    0.0803    1.2842    0.1350    2.4806    2.4363    0.3270    2.7269    0.8135    2.4508
     80000      30.645915
     90000        17.4870       -43.1795        60.6664
     90000         7.5707         6.7824
     90000    2.1872    0.6534    2.4664    2.8946    2.2029    1.2932    1.3667    2.0102    3.1380    0.4182    2.3199    3.0715    2.1630    2.6119    1.1017    2.9521    0.7260    1.9637    1.0290    2.8154    0.7301    2.8100    1.6377    1.8312    1.1034    2.5490    1.0368    2.5503    1.1399    0.7839    1.3166    1.8677    0.7782    1.8737    0.9982    1.3260    1.3915    1.8211    2.2559    0.3937    2.8155    0.3133    2.6540    1.0909    0.7260    0.4007    0.1618    0.1355    0.0109    2.0577    0.3008    2.9116    0.1698    1.6115    1.7666    1.7361    1.6477    2.0178    2.2455    1.6346    0.9784    0.3887    1.1050    0.6702    3.1379    0.2456    0.2400    0.0459    0.3039    0.7508    1.9205    1.8272    1.1452    1.4584    2.8358    0.6928    0.9423    0.2433    2.1698    0.9718    0.5101    0.5412    1.5637    0.4046    0.9344    1.2688    0.7445    2.0832    1.1595    1.9827    0.0988    2.9187    1.8223    0.8974    2.1584    0.7379    2.7504
     90000      34.642165
    100000        13.2764       -46.5553        59.8317
    100000         5.6248         5.6118
    100000    1.9014    0.9354    2.6460    3.0960    2.6498    0.2922    2.0230    0.2307    3.1219    1.6416    2.2933    2.9878    1.3612    3.0223    1.5473    1.7848    1.6537    2.9747    0.6286    2.0697    1.1185    2.0351    2.0974    1.9430    0.9465    0.8148    1.1187    0.1247    0.8994    1.5707    2.4321    1.9352    1.6703    0.0134    1.1409    1.1498    1.4046    2.4423    1.2397    0.0214    1.8010    0.9249    1.8164    0.5782    0.3491    0.4077    0.9951    0.5221    0.9304    1.6074    2.6611    0.5937    0.7311    2.9645    1.9996    0.2015    2.2821    2.9500    1.3860    2.8949    1.0093    2.0929    0.4106    1.9295    1.3514    1.8659    0.7609    1.2469    0.1335    0.9786    2.9110    0.3292    1.0890    0.0602    1.6224    1.5753    2.2067    2.3982    2.5004    1.6581    0.6917    0.2147    1.7006    0.5582    1.4630    2.9530    0.2235    2.0187    0.6917    1.7906    1.2934    1.2612    2.1925    2.4926    1.2800    1.3860    1.2661
    100000      38.742421
