# Step CPU_Time_s
         1        -0.8821        -2.4231         1.5410
         1        18.9360        65.0033
         1    1.7048    2.5008    1.3131    3.1234    1.6830    2.4990    1.3111    3.1234    1.6830    2.4990    1.3111    3.1234    1.6805    2.5016    1.3138    3.1236    1.6819    2.4999    1.3120    3.1231    1.6910    2.4687    1.3033    3.1224    1.6910    2.4687    1.2235    2.7501    1.5983    2.4462    1.7923    1.8322    1.7520    2.2917    2.0519    1.9451    1.7127    2.4735    1.6562    2.4473    1.6444    2.4733    1.6224    2.4759    1.6834    2.8778    1.7540
         1       0.000000
     10000        19.4366       -19.4207        38.8573
     10000         6.9556        16.9906
     10000    2.0349    0.6681    2.8418    0.9152    2.9529    0.8959    2.1370    1.0167    2.5700    1.7232    2.1289    0.0871    2.3862    0.3598    2.4487    0.0070    0.8505    0.2397    2.8042    0.3517    1.6821    1.3039    0.6821    2.9747    0.5512    2.9596    3.0491    0.2973    2.1723    1.2882    1.1331    3.0268    2.1235    0.4282    1.1591    1.4993    1.5674    1.7081    1.5305    2.7801    0.2084    2.2749    2.7400    0.6222    0.7279    0.0351    0.5771
     10000       1.008063
     20000        22.4780       -13.4052        35.8832
     20000         8.7111        22.2292
     20000    0.9198    2.6616    0.7044    0.2181    0.7891    2.4698    1.4993    1.9620    1.7230    0.1354    3.0425    1.8705    2.2363    0.9622    3.0946    0.0616    0.2477    2.3919    1.8144    0.9992    1.1465    2.0458    2.4005    0.7885    0.5161    0.6695    1.9788    0.2931    0.5931    1.8650    2.2627    2.6727    2.6717    1.2309    1.5763    0.1419    2.9513    2.7859    2.7043    2.5766    2.1825    0.6185    2.2044    2.2830    1.2393    0.4365    1.1761
     20000       2.096131
     30000        23.1237       -13.9493        37.0729
     30000         4.6111         6.4312
     30000    2.1354    0.6286    2.3762    0.3616    3.0667    2.3311    1.2220    0.7646    2.5672    1.9944    2.0855    1.9295    1.6320    1.1113    2.9392    1.3597    1.1519    0.2906    2.0590    1.9699    2.3575    1.1519    2.7145    2.3371    2.1511    1.7719    0.9856    0.3583    2.3416    2.2110    3.0118    2.0834    2.8348    0.3100    0.0441    0.9468    0.2741    0.1547    2.6494    2.2019    1.7444    0.0898    1.3558    2.9099    0.2968    3.0407    2.4666
     30000       3.144196
     40000        10.7801       -20.1037        30.8838
     40000         4.4622         3.1631
     40000    1.5993    1.6002    0.9123    0.0461    0.4820    2.8436    1.4606    0.5116    2.1405    1.2098    3.0819    1.3338    1.1820    2.3301    2.1367    1.5469    1.7629    0.7018    0.4934    0.1877    1.3208    0.1047    1.8529    0.0597    1.4597    2.6179    1.6803    0.7206    2.5591    2.3055    2.5631    1.9469    2.7112    0.9516    2.4529    2.3773    2.2003    0.0595    0.5893    1.7274    3.1036    0.5009    2.7894    2.4989    2.2082    2.4228    3.0249
     40000       4.164260
     50000        18.1552       -23.4976        41.6528
     50000         6.2689         9.7346
     50000    1.3023    0.7076    0.4553    2.4133    2.4426    1.4255    1.8163    1.0841    3.1313    0.8391    1.3020    2.8046    0.6852    0.5969    2.6376    0.1920    1.5890    1.8603    1.5979    2.0369    0.9982    2.8924    2.5903    2.6124    1.4345    1.3082    2.5498    0.3364    2.4867    2.7555    2.3576    2.5975    3.1228    2.7049    2.0301    0.7114    2.7612    1.2818    0.6753    0.0185    1.6041    1.4191    2.6515    2.5821    0.8851    1.8029    2.8895
     50000       5.308332
     60000         5.7278       -27.0096        32.7374
     60000         4.9612         7.6445
     60000    1.9965    1.1598    2.9027    1.8601    2.4171    2.9300    1.9710    0.5491    1.7791    1.3866    2.2579    2.2604    0.9948    2.2254    2.6874    1.0327    1.8545    0.8643    2.4193    1.5229    2.6116    0.6445    2.3430    0.1143    1.9014    0.9076    3.0808    0.2929    1.6574    0.0425    2.0523    1.4414    2.4199    1.4158    2.5031    0.4627    0.9777    3.0717    1.8408    2.0600    2.0644    1.1659    2.8316    2.4623    1.7807    1.4173    3.1280
     60000       6.460404
     70000        11.6826       -29.1867        40.8693
     70000         3.4548         8.8702
     70000    0.9328    1.5485    0.5708    2.4321    2.3169    0.8149    1.1777    1.4370    2.3678    2.0436    3.0819    3.0611    1.6783    0.9163    0.3778    2.8881    1.0353    0.7601    3.0542    1.2715    1.1171    2.0654    1.8856    2.5918    0.8866    0.1507    1.6185    2.7484    0.3715    2.2964    1.0074    2.3414    2.2086    0.0755    1.4218    0.3509    0.9128    1.5718    2.5154    1.3716    2.7297    0.3041    3.0164    2.7922    1.7826    2.1709    1.4968
     70000       7.628477
     80000        12.6764       -26.7389        39.4153
     80000         3.3502        10.7898
     80000    1.8735    0.8460    3.1079    1.7031    2.6056    2.0329    3.0783    1.3042    3.0268    1.9500    1.9031    2.9249    1.6035    0.6361    0.0450    2.8869    1.0331    0.9697    2.9249    0.3280    0.1629    0.0576    2.2122    2.3701    0.4598    0.1199    1.4587    2.3159    1.3653    0.6007    0.2627    2.4722    3.1267    0.3407    2.0424    1.6370    1.3657    0.7405    2.6038    1.1395    2.7216    2.7066    2.8324    0.5038    1.4704    1.6494    2.7760
     80000       8.792549
     90000         8.2032       -27.9662        36.1694
     90000         3.3238         7.7518
     90000    1.9622    0.7039    2.9967    0.5453    2.2063    1.7362    2.9733    1.2307    2.3925    1.9183    1.5540    3.0098    1.6912    0.5861    1.8284    2.2228    1.2359    0.9456    2.7974    0.0822    0.5593    0.8454    2.9085    1.9211    1.2518    0.3461    2.0258    2.6657    0.3974    0.4338    0.0802    2.5755    2.1336    0.8092    1.6323    1.7023    1.6877    0.2169    2.0082    0.3053    1.4826    2.1029    2.1035    0.2499    2.8406    1.9427    2.7231
     90000       9.936621
    100000        12.4530       -21.9964        34.4494
    100000         3.8584         4.0867
    100000    2.0082    0.6371    2.9408    0.3788    2.2205    1.7489    2.2824    1.6293    3.0881    1.2951    1.8879    3.0105    1.7325    0.8590    2.2944    1.6014    0.7805    1.2547    2.5841    1.2959    0.4464    0.2633    2.6652    1.9608    0.1789    0.7559    2.6523    1.1260    0.6398    2.3384    0.8563    2.8700    2.3702    0.7088    1.3118    2.1336    1.3521    0.1730    0.4300    0.5234    0.0745    0.9293    2.8317    0.3829    0.9111    0.1102    2.0587
    100000      11.076692
    110000        12.2731       -26.0835        38.3566
    110000         4.7780        13.4041
    110000    2.3300    1.2687    2.6281    2.8388    2.8093    1.2775    2.9833    1.0761    1.6468    2.5358    2.8578    1.5599    1.0204    3.1056    3.1001    2.3456    0.2594    0.2936    3.0726    1.0349    1.3448    2.2002    2.7579    1.1645    2.0938    0.3144    1.6154    0.9463    1.8149    1.6364    3.0661    2.6570    2.7032    0.5234    1.2924    1.1939    0.8868    1.5177    2.5255    0.5263    2.0028    1.0761    3.0452    0.6092    0.5818    0.4863    1.1546
    110000      12.212763
    120000         8.6955       -25.5165        34.2120
    120000         4.7620        15.2339
    120000    2.3521    1.4611    2.2740    2.8965    1.6889    1.0081    2.6723    1.5873    1.6425    2.6300    2.6987    1.6291    0.1632    3.1261    2.7519    2.1973    1.1547    0.1993    1.7862    1.3780    0.6448    2.6633    0.3529    1.9696    1.0917    1.1599    0.6927    0.8068    1.5054    1.1233    2.7372    2.7759    2.8329    0.7886    3.0397    1.5451    0.6553    1.9226    3.0455    0.9946    3.1314    1.0826    2.9591    2.1380    0.4043    1.5872    1.9595
    120000      13.356835
    130000        13.4358       -24.3074        37.7432
    130000         5.2991        10.6933
    130000    1.0535    1.3089    0.1616    2.2571    2.8972    0.1907    0.5896    1.0692    1.9195    1.2878    2.6877    2.8969    0.5544    0.4369    2.9245    1.0173    2.8787    0.9839    1.2215    2.2277    2.8592    2.3633    2.0639    1.5659    1.3876    0.0871    1.9370    0.1957    1.5516    1.5707    2.3985    2.9422    1.8707    0.5379    1.4010    2.1022    0.9151    2.5387    2.6332    2.5459    3.1319    0.3110    2.9974    0.4171    0.9846    2.3446    1.0910
    130000      14.520907
    140000         9.3685       -26.2916        35.6601
    140000         5.1349        11.2187
    140000    2.3051    1.2579    2.1367    2.9642    2.9295    0.5280    2.9211    2.3752    2.9876    0.6484    1.9620    0.7345    2.3381    0.3047    1.5565    3.0540    2.5801    1.4950    2.6360    2.8892    1.6493    1.5653    0.8255    1.4616    0.1202    0.5075    2.8982    0.8958    1.8332    1.4814    2.9017    2.2976    1.2136    0.9350    2.7338    1.8676    0.7497    1.4870    2.7380    0.1064    2.5115    0.9875    2.5352    0.5727    0.5695    0.1889    1.6629
    140000      15.704981
    150000        13.0965       -25.1161        38.2126
    150000         7.0188        19.4782
    150000    1.7307    1.0268    3.0289    1.4213    2.4867    2.8915    1.3109    2.8931    2.7620    0.9362    2.8199    2.1057    0.9611    0.0232    2.9621    1.7027    2.7393    1.9889    2.8545    2.1043    3.0781    2.8423    2.3523    2.4646    2.9825    0.1212    1.7448    0.0544    2.2107    1.6785    2.1553    1.7390    2.6510    0.1844    3.0162    2.3729    2.5144    2.2372    2.9867    2.9333    2.9471    2.2226    2.8061    2.5484    1.7056    2.9038    1.5048
    150000      16.881055
    160000        12.8660       -25.6485        38.5145
    160000         5.5243        12.8045
    160000    2.0947    0.6321    2.7674    3.1113    1.8149    1.9303    2.5168    0.2843    3.0850    0.3369    2.1200    1.9751    1.2292    0.4716    2.6462    2.2831    2.9392    3.0818    2.7478    3.0391    2.6793    2.7845    0.1648    2.6104    0.5959    0.1304    2.8773    0.2272    2.2084    1.5934    2.2992    1.9084    2.6646    0.0784    1.8684    2.6191    2.9937    2.2465    2.9097    2.9058    3.1228    0.0188    2.4560    0.6443    2.8448    1.6704    0.5115
    160000      18.045128
    170000        10.6306       -23.9135        34.5441
    170000         7.3293        18.4563
    170000    1.6096    1.8009    2.8240    0.7934    3.1066    0.3891    2.2983    2.8055    2.1889    1.7122    2.8955    2.0206    1.5727    1.2351    2.7936    0.6846    2.7756    0.7549    3.1380    0.8809    2.7698    2.8598    2.8052    2.5195    2.1068    0.6073    1.7387    0.1091    1.7267    2.6996    3.0634    2.6188    2.5785    0.1283    2.8590    1.9670    1.6321    2.5580    2.9337    2.6857    3.1090    2.4985    3.1204    2.5362    0.5848    2.6028    1.0511
    170000      19.205200
    180000         5.3314       -25.3252        30.6566
    180000         4.2996         1.9778
    180000    0.7391    2.8747    1.6422    2.0814    2.1148    1.1583    2.3612    1.6174    2.8850    2.2940    3.0796    2.1883    2.7052    0.0903    2.1175    1.9896    1.3805    1.4914    2.7517    2.2311    1.0043    0.5589    2.8392    2.4709    0.9703    0.4526    2.4224    2.5984    1.7071    2.1220    2.6119    3.1118    2.2236    1.0170    1.2393    0.8379    0.5211    0.6981    2.9897    0.7635    1.3320    1.8786    2.7228    0.2666    3.1275    0.5279    3.0771
    180000      20.369273
    190000        11.7710       -26.3231        38.0941
    190000         4.6895         8.4812
    190000    1.0105    1.2890    0.0890    1.0370    1.6512    1.5162    0.9352    1.3967    0.3867    0.3053    2.0950    0.0308    2.7780    2.8536    3.0999    0.4077    0.5714    0.0740    1.4336    2.5236    2.1037    1.3821    2.2049    1.9757    1.6014    0.1132    1.8365    2.0089    2.4627    2.7915    2.5534    3.0051    2.6223    2.6715    0.7863    2.8691    0.2368    3.1084    2.9869    2.4839    1.3524    1.7480    0.9241    0.4554    2.6563    1.3627    2.9038
    190000      21.533346
    200000         8.4983       -30.5974        39.0958
    200000         5.5166        17.4054
    200000    1.9559    0.7355    2.9726    0.9724    2.7276    2.5080    1.5238    2.3264    2.4929    0.5891    2.1091    0.3919    2.7945    2.5983    2.9168    0.8394    2.9887    1.2126    3.1298    2.4146    0.6948    0.5384    1.1611    2.0544    1.3082    0.4325    0.1778    3.0728    0.2896    2.7807    1.3682    3.0025    1.3417    0.4999    1.3438    1.4140    0.6910    1.9301    3.0536    1.9045    1.5490    2.5520    0.7066    3.0177    0.6515    1.2957    0.5281
    200000      22.713419
    210000         6.1612       -32.1071        38.2683
    210000         4.2144        10.6461
    210000    0.6426    2.7549    1.8379    1.0111    2.9543    0.7298    0.8159    0.5805    1.2905    0.1453    2.2654    0.5012    1.8663    2.2716    1.7287    2.7437    2.1557    0.4525    2.9732    2.7667    2.7607    1.8901    1.7422    2.9674    0.8247    0.1887    0.8676    0.8542    0.6406    0.5711    2.4372    2.7830    2.2713    1.2151    2.4285    2.6199    0.2644    1.6204    3.0561    1.3487    2.9949    0.1429    2.3161    0.3213    3.0946    1.4839    1.9412
    210000      23.885493
    220000         8.3215       -28.0584        36.3799
    220000         4.1874         5.6462
    220000    2.4745    2.6711    2.2736    2.4483    2.8184    1.1906    0.3384    0.3301    0.5545    0.7868    0.8280    0.1830    2.0725    2.7369    2.4324    1.2454    1.5236    0.3457    2.3518    2.0723    3.0883    1.5985    2.1613    2.6068    1.1564    2.2674    2.7618    0.8512    1.7866    0.5016    2.9290    1.7780    1.7611    0.3138    2.1755    1.8916    0.0674    1.5795    1.7509    0.7982    3.1201    0.9529    3.0932    1.3439    2.1870    2.7368    2.0417
    220000      25.053566
    230000         8.9058       -28.6255        37.5314
    230000         4.8424         5.5500
    230000    2.1472    0.6151    2.8129    2.3216    1.8829    2.7320    2.5957    0.4496    3.0941    0.4454    1.4174    3.0443    2.8156    0.2171    2.8112    2.6285    2.0227    2.0196    1.9018    0.3525    2.8173    0.0122    1.2614    0.4450    1.6986    1.8179    2.8770    0.6698    2.2507    0.5723    0.2308    1.0859    2.8206    0.7312    3.0630    0.0659    2.3505    0.9876    2.7321    1.4729    1.4895    1.9359    2.5288    0.2216    0.8026    1.4328    3.1288
    230000      26.249640
    240000        11.0990       -32.7334        43.8323
    240000         5.5986         9.2271
    240000    2.2163    1.0530    2.5102    2.8249    1.9879    2.0997    2.0382    1.3956    2.7679    0.8342    3.0448    2.3612    0.9262    0.1200    2.6940    1.3210    2.5570    2.3061    2.5583    2.6240    1.5094    1.2388    1.3786    1.0126    2.8851    0.7720    0.4880    2.6891    0.0011    1.0927    1.3253    0.7146    2.4168    0.3584    3.0077    0.2446    0.2289    2.0895    2.8024    0.6040    1.5964    2.5110    1.3308    0.3790    0.0517    1.3977    0.8694
    240000      27.445715
    250000        13.7217       -32.9717        46.6935
    250000         5.0657         9.5774
    250000    2.3283    1.9535    1.9907    2.2579    3.0757    0.0895    2.9537    0.8491    3.1312    1.1401    3.0749    2.8549    0.9143    0.1604    2.4950    1.9509    2.5788    2.8899    2.2033    1.0767    2.3734    0.1005    0.1806    2.4342    2.9961    1.3288    0.5944    1.6046    0.7106    2.0030    1.3342    0.0155    2.5203    0.6983    2.7198    0.4978    1.6643    1.1264    2.4993    0.7360    1.4663    0.8318    1.4614    0.7745    3.0676    2.9816    0.7477
    250000      28.641790
    260000        19.7132       -27.5759        47.2891
    260000         5.7108         9.1309
    260000    2.2810    0.9450    2.6002    1.7771    2.4646    2.9913    1.8239    1.5151    3.1214    0.0296    1.7288    3.1101    2.3585    0.1052    2.7435    1.9577    2.5891    2.8383    1.9284    0.7446    2.4439    0.6357    0.8565    1.5498    2.8541    2.2999    2.0654    1.1337    1.6784    0.4697    0.7751    0.0606    2.8514    0.0266    2.7739    0.3616    3.0395    1.4861    2.4553    1.1624    1.7294    1.8258    2.7844    2.7400    1.2882    2.6226    2.3924
    260000      29.833864
    270000        11.3869       -25.2666        36.6535
    270000         5.8706        12.2560
    270000    2.3181    1.2675    2.4939    2.8813    2.9978    1.4607    2.5053    1.1890    0.3986    2.4047    1.3157    2.9048    2.5588    2.5544    1.3680    2.9194    0.7888    0.2387    3.0960    1.3502    2.5453    2.6662    1.6658    3.0500    2.2018    2.0227    2.8561    0.8868    2.4346    1.0295    2.5878    1.8016    3.0517    0.7799    2.7052    0.9515    1.6189    2.0152    0.1268    1.7838    1.4342    0.0909    3.1252    0.0686    0.4765    0.1783    2.9469
    270000      30.993937
    280000         8.4066       -26.9665        35.3731
    280000         5.0034         6.0944
    280000    1.6699    1.1381    3.0112    2.5202    2.2543    0.1986    2.3597    0.8545    0.3418    2.5057    0.5812    2.9971    2.4333    2.8286    2.5470    1.8419    0.1827    0.0391    2.6723    0.7514    2.1559    2.0871    0.9442    2.3339    2.1772    2.0805    2.8087    1.0950    2.0101    1.1599    2.3448    1.9799    3.1160    0.6647    2.4033    0.3097    2.6427    2.0860    1.1802    0.8317    1.9339    2.6830    3.0123    3.0271    1.4037    2.6157    2.9059
    280000      32.166010
    290000         6.1662       -23.7111        29.8773
    290000         6.0546         7.3727
    290000    1.5960    0.7618    0.6257    3.1242    2.8139    1.5553    2.3559    0.3113    0.9966    2.2154    0.9229    3.0305    2.4581    2.3561    1.9367    2.5410    0.0283    0.0504    2.4142    0.1106    2.0436    1.1611    2.7802    1.3349    2.4887    2.3346    2.7137    1.4220    2.7806    2.0493    3.0929    1.3533    2.8467    0.6425    2.2164    0.2337    2.6809    2.2615    0.5327    2.4430    1.5440    1.4383    3.0739    2.0918    1.0809    2.3236    0.7252
    290000      33.326083
    300000        10.9830       -23.0122        33.9952
    300000         5.8644         8.8373
    300000    1.6517    3.1148    2.9852    2.8418    2.3160    1.7468    2.2840    3.1169    1.5139    2.8399    1.8754    2.2502    3.1294    1.2594    2.1129    2.0984    2.7116    0.8223    3.1215    1.9196    2.0971    1.9142    2.1006    2.8379    2.8516    0.5741    2.5430    1.2328    1.1100    0.0317    2.8297    1.0215    2.4954    0.4638    1.2837    1.4891    2.9983    2.4712    2.6594    0.6270    2.9482    2.0003    2.1388    1.6883    1.1691    2.9324    2.1013
    300000      34.470154
    310000         2.2491       -25.8870        28.1361
    310000         5.8061        11.9885
    310000    2.2038    1.6645    2.2112    2.7673    1.6269    2.0733    2.2716    1.4402    2.6158    1.0400    2.4255    1.3351    1.9486    1.1049    2.3104    1.7410    3.0406    1.0670    2.9798    2.9126    1.5310    0.2279    0.6171    0.9683    2.0711    1.1861    3.1303    0.0383    0.1971    0.0797    1.9592    0.0077    0.2788    2.0447    1.6814    1.8286    2.5602    2.5016    2.7998    0.5047    2.9080    2.1136    1.8491    2.4169    2.7077    2.9098    1.2678
    310000      35.642227
    320000         4.9854       -25.4745        30.4600
    320000         4.6187         8.7562
    320000    1.5115    1.0995    0.9417    2.2680    2.2252    0.7376    2.1457    0.6305    2.4689    0.5894    2.2651    1.5104    1.1247    0.6126    2.4462    1.6768    2.8854    1.0813    3.0437    2.7154    1.4540    0.2521    0.1230    2.9074    2.1060    0.4969    3.0669    1.1130    0.3012    0.3533    1.0908    1.8985    0.7955    0.5317    0.7397    2.2300    2.1880    2.2395    3.0829    0.3835    2.8370    1.4789    1.5916    3.0098    2.9844    2.6676    1.2957
    320000      36.814301
    330000         6.1929       -27.3476        33.5405
    330000         4.9397         9.6485
    330000    2.1996    1.5214    2.0774    2.7899    2.3159    1.3435    3.0453    1.0398    2.2220    0.6032    1.8033    0.3939    1.7315    1.3369    2.5353    1.5729    3.0913    0.7047    2.7841    2.6344    1.6344    0.2422    0.3927    0.4173    1.3549    0.0795    2.8091    0.9035    1.0129    0.1379    0.8455    1.6603    2.2644    0.4660    2.0654    1.9917    0.4938    1.3820    2.3836    0.0840    2.9904    1.3463    0.9526    2.2105    3.0708    0.1740    0.7866
    330000      37.990374
    340000        15.2006       -26.0424        41.2430
    340000         4.9266         7.5909
    340000    2.0282    2.8908    1.8622    0.0865    0.0036    0.4459    1.2060    0.9313    1.1486    2.5123    0.9117    2.8702    0.6220    2.7279    2.6200    2.3857    1.9945    1.1498    1.9573    1.3024    2.2932    2.5026    2.1486    2.8907    1.4008    2.1092    1.0644    1.4923    2.7035    1.2000    2.6389    2.0333    3.0626    1.5517    2.0210    1.5672    0.5985    2.0166    2.7769    0.7015    2.4825    0.8610    1.7584    0.1993    0.8281    0.9537    0.9620
    340000      39.186449
    350000         7.8782       -26.3614        34.2396
    350000         5.9354         7.5856
    350000    2.2040    1.1955    2.8204    1.4619    2.6347    1.0688    0.5964    0.5190    1.2334    2.7551    1.2319    3.1133    2.3153    2.9750    2.2998    3.1032    0.6485    1.0074    2.9847    1.5368    2.5707    1.8141    2.2756    1.7042    2.7582    3.1397    2.3032    1.3650    2.5843    0.3537    1.6499    1.6852    3.1109    1.1732    2.6543    0.2073    2.8770    2.7239    3.0452    2.1254    2.3216    0.8932    2.8736    1.7107    2.2356    0.5289    2.9395
    350000      40.382524
    360000         4.6235       -30.9816        35.6052
    360000         6.0612        10.3914
    360000    1.2869    2.8789    2.8383    0.3987    1.6113    0.7224    1.9960    2.2567    0.9874    1.5373    1.6940    2.1815    3.0325    1.1797    2.0748    2.5233    2.3582    0.9913    2.9096    2.2615    1.8646    2.0325    1.9029    2.9715    3.0966    1.1413    3.1059    0.5683    2.7852    1.7456    3.0624    0.6150    2.8525    0.7552    2.1053    1.7488    3.0374    2.8134    2.8650    0.5758    2.6816    2.7528    2.7340    2.5468    1.6006    2.3420    2.4333
    360000      41.566598
    370000        13.6497       -29.6892        43.3389
    370000         4.7980         8.0353
    370000    1.3403    0.9832    1.6014    2.3002    1.8012    1.6068    0.8547    2.8434    2.3399    0.9103    2.1909    1.2427    1.1996    0.6960    2.5786    1.7060    2.8106    0.9361    2.9268    2.5174    1.1121    0.1807    0.2090    0.5555    2.5915    0.9244    0.4417    2.7499    1.0604    0.1275    1.2230    1.2113    2.2393    1.5033    2.4110    2.8901    1.8284    2.0308    1.6255    0.2893    2.8952    2.6275    1.3041    1.0569    1.8845    0.7897    0.4910
    370000      42.786674
    380000         6.2689       -23.6874        29.9563
    380000         6.1711        16.2959
    380000    2.1824    3.0370    2.6215    1.8337    2.5599    1.1675    0.9024    2.7518    2.3539    1.4666    2.6677    1.8102    1.7402    0.8052    2.3180    1.5375    3.0499    0.8861    2.9867    2.6650    1.6187    0.8098    1.1337    2.8528    2.9073    0.9543    2.9605    1.4945    2.3900    1.6987    2.6762    2.9743    1.1618    0.6313    0.6283    2.3772    2.6700    2.8003    2.3868    0.7117    1.6971    2.6514    2.5821    0.5733    2.3005    1.9109    2.2935
    380000      43.966748
    390000         7.3754       -24.8772        32.2526
    390000         4.5288        13.8029
    390000    0.7305    2.6846    3.0970    0.0183    3.0389    0.6787    3.1295    0.0731    3.0610    1.3493    1.5260    1.1716    0.4631    0.2233    1.9841    1.8925    2.6213    1.3274    2.9782    2.6033    1.7138    2.9183    0.3552    2.5230    0.0089    0.0476    2.3177    3.1354    1.3271    1.1922    1.5059    2.4065    3.0718    0.3318    0.9976    1.1247    0.5771    1.9271    2.8989    0.2344    0.2652    2.1251    0.2880    2.1382    2.3837    1.3099    0.9023
    390000      45.138821
    400000         9.9120       -24.4597        34.3717
    400000         6.2709        13.7065
    400000    2.3503    1.9086    2.4845    2.8368    3.0090    1.3631    0.7837    0.0197    0.7337    1.6322    1.4524    2.7587    1.4006    1.8185    2.0198    2.5339    0.0514    0.3583    1.1846    2.5061    1.5371    1.8061    0.4693    2.0760    1.7157    2.0347    2.8365    0.3557    2.6448    0.0225    0.5489    2.5571    2.3709    0.0952    2.5422    2.9060    0.4189    2.9705    2.6694    1.8991    2.8688    1.7397    2.9642    2.4886    2.0755    3.0871    2.1412
    400000      46.290893
    410000         5.2527       -28.5080        33.7607
    410000         5.1855         3.6074
    410000    1.2569    0.9693    0.8312    2.8644    2.0455    0.6835    2.8909    0.2896    2.5767    1.7711    1.8673    2.4509    1.9336    0.8924    0.5322    0.3692    1.3987    0.6189    3.1247    1.7662    3.1306    0.2135    3.0011    0.6207    1.9217    1.7125    2.7956    2.7110    2.7000    2.8121    3.0450    2.9375    2.0428    0.5703    0.3010    2.0649    2.5819    1.6908    0.5109    2.2506    1.1685    1.8121    2.7244    2.7597    1.1885    2.0457    3.1037
    410000      47.454966
    420000         8.1043       -27.5976        35.7019
    420000         7.0715        10.7373
    420000    2.0830    0.9628    2.2445    1.2318    0.5377    0.6671    1.0947    0.7545    0.0492    1.0314    1.5115    3.0635    2.7559    3.1352    2.5392    1.9733    0.3639    0.6669    2.8555    1.2355    2.5477    1.7874    2.4419    1.7627    3.0887    2.8803    2.5415    2.5816    2.3378    1.9002    2.6106    2.7403    3.1267    0.0946    2.7492    1.5092    2.5358    2.7728    2.1391    2.6695    2.0586    2.8099    2.9392    2.6258    0.8795    1.2314    1.9088
    420000      48.635039
    430000         7.2118       -26.7120        33.9238
    430000         4.7199        14.8499
    430000    1.0157    1.5988    0.7847    1.8987    2.8711    0.6727    0.7634    0.7275    0.7827    2.3056    0.4792    1.7888    0.9987    2.7642    2.5126    2.5577    2.5410    0.3976    0.3229    2.9479    1.0055    0.7573    0.1904    2.1590    0.1971    0.1588    1.1598    2.4913    1.6878    2.5982    3.0518    2.9062    2.0807    1.0952    1.5958    1.0332    0.2806    2.4790    2.6261    0.3827    0.8219    1.4520    3.0463    0.8366    2.2373    1.2930    2.6606
    430000      49.815113
    440000         5.4907       -25.2553        30.7460
    440000         6.7614         7.5869
    440000    2.1838    0.9128    2.8498    2.2767    2.4213    1.6219    2.0870    0.7969    1.3975    1.9876    1.7176    3.0502    2.7978    2.6752    1.9657    2.2262    0.3012    0.6936    2.8659    1.3908    2.4959    1.3632    2.7034    1.6637    3.0876    2.9647    2.5804    2.6068    2.5142    1.9849    2.5748    2.4576    2.6732    1.0487    2.4893    1.6086    2.2947    3.0246    2.3447    1.8294    0.6565    2.6292    3.1330    2.4634    0.1891    1.8195    0.7945
    440000      50.987186
    450000         2.3921       -27.5662        29.9583
    450000         7.0095        14.8622
    450000    2.2079    2.3868    2.7528    2.9534    3.0019    1.8111    2.3843    0.8517    1.5277    2.5157    1.4452    2.7394    1.3228    2.5536    2.9103    2.7408    1.1941    0.9208    3.0520    1.7901    1.7356    2.4392    3.0245    2.7211    2.3030    1.3221    2.3282    0.8307    2.2314    0.4436    2.6210    3.0727    2.8552    0.7379    2.9454    1.7993    2.0386    2.7206    2.8949    2.6614    3.1381    2.1613    2.8491    1.5967    1.3691    0.9057    0.4187
    450000      52.171260
    460000         2.7428       -30.7633        33.5061
    460000         7.2573        13.5412
    460000    2.2772    0.9241    2.7463    2.7202    2.4931    1.4078    2.1617    1.1494    1.0853    1.8964    1.4510    2.9902    1.9417    2.2495    2.1321    2.7739    0.2614    0.7042    2.6805    0.5281    1.9775    2.1420    2.4185    2.4323    2.5922    2.3588    2.5412    0.7995    2.9835    0.1679    0.8799    2.1643    3.1111    1.3893    2.7149    1.5041    2.2585    2.7504    2.9952    3.0401    2.4193    2.9392    2.9447    1.4837    1.2267    1.1445    0.2298
    460000      53.351334
    470000         6.3339       -28.1500        34.4839
    470000         7.1164        17.1624
    470000    2.3908    2.5463    2.2357    1.5186    2.4189    0.6034    2.9732    0.8537    2.0087    2.3033    1.4284    2.7210    0.5483    2.4443    2.5186    2.2818    1.4649    0.6588    3.0700    0.9311    1.8696    2.9123    1.2580    3.0824    0.8676    1.4302    0.7081    1.6322    1.2783    0.7417    0.9936    2.8045    2.7038    1.2274    2.6649    2.6799    1.5334    2.7464    3.0856    3.1247    3.1341    3.1205    2.9520    3.0464    1.1596    2.8732    0.8741
    470000      54.539408
    480000         7.1840       -25.9306        33.1147
    480000         6.2686         8.1977
    480000    2.2947    1.1034    2.6227    2.9886    2.2458    1.5150    2.0598    0.6241    1.6354    2.0205    1.5412    2.9610    2.0869    2.7843    2.1858    3.0218    0.0116    0.7301    2.8890    1.0000    2.1195    1.8819    2.2195    2.3299    2.5547    2.3705    2.4737    0.6773    2.8403    0.0784    2.1128    2.7672    2.4916    0.4493    2.9418    0.9407    2.1302    2.7183    2.9290    1.8333    2.2706    1.7286    2.3644    0.9454    0.1464    1.2719    0.5748
    480000      55.723482
    490000         1.7381       -28.5493        30.2874
    490000         6.5962        12.2501
    490000    2.3349    1.2187    2.3385    2.9350    2.1009    0.9245    2.5813    0.5618    2.1943    1.8749    1.6230    2.9425    1.6433    1.8697    2.2971    2.3871    0.3689    0.6131    1.5181    1.4315    1.5374    1.9818    0.7376    1.8678    2.2118    2.1867    2.5020    0.3038    2.7312    0.3328    0.2665    2.0006    3.1082    1.9632    2.8822    0.9036    2.0819    2.1527    2.5447    0.7953    0.4099    2.1307    2.7260    2.7510    0.7714    2.0558    2.9182
    490000      56.907556
    500000        -0.6278       -31.4866        30.8588
    500000         7.2186        11.9503
    500000    2.1296    1.9184    2.8833    2.8895    2.4461    1.4771    2.1264    0.9639    1.6914    2.3599    1.4969    2.9972    1.9561    3.1041    2.5027    3.0535    0.5570    0.7104    2.7123    0.1838    2.5196    2.5740    2.3857    2.0467    2.5534    2.5218    2.5023    0.9510    2.5890    0.3630    1.6843    2.7988    2.8369    0.1592    2.8320    1.4844    2.5648    2.9675    2.6937    3.0699    2.6687    3.1390    3.0678    2.7402    1.2705    3.0520    1.6192
    500000      58.099631
    510000         1.2810       -32.3556        33.6366
    510000         7.0731        11.1553
    510000    2.1016    1.2739    2.8902    2.6253    1.6483    0.6145    2.3823    0.7857    2.0932    2.0867    1.9204    3.0208    2.4316    1.9757    1.6871    2.9679    0.0846    0.6919    2.4150    0.5586    1.9813    1.2345    1.8135    1.0305    2.8664    2.9925    2.5427    2.2761    2.7498    2.4947    2.6498    2.6850    2.8794    1.0487    2.4479    1.7332    2.6565    2.4959    1.7253    3.1237    2.1617    2.9034    2.8711    3.0658    1.7896    1.8215    1.8467
    510000      59.275704
    520000         7.7815       -27.5825        35.3639
    520000         6.5471         6.5360
    520000    2.1638    0.8962    2.8465    2.3472    2.3106    1.5539    2.3067    0.8239    1.9362    2.2215    1.8947    2.9611    2.5549    2.2645    1.4857    3.0223    0.3868    0.1947    2.1054    0.5857    2.0637    1.3465    2.1291    0.7986    2.8199    3.0105    2.5761    2.3591    2.8838    2.4465    2.8509    2.5364    2.7819    1.0141    2.1513    1.9075    2.5164    2.6891    1.2307    3.0635    1.8019    1.9665    2.2276    2.9554    0.2443    0.6064    1.1657
    520000      60.459778
    530000         6.4492       -26.4578        32.9071
    530000         4.8630         9.7048
    530000    1.1832    2.8136    0.9306    2.3272    1.9869    0.1069    2.4805    0.6376    2.2951    1.1651    1.5105    1.3979    1.7638    0.3201    1.7924    1.5525    2.7646    0.1104    2.7528    0.8072    0.2197    0.7839    0.9053    1.1797    1.3249    0.9683    2.6329    0.8262    2.6588    1.3351    2.8215    2.4850    1.8217    0.5356    0.7039    1.9188    1.6998    0.9865    2.7982    1.4354    1.2539    3.0204    0.5669    1.9341    2.8526    0.9633    2.3940
    530000      61.631852
    540000         2.3396       -28.8708        31.2105
    540000         5.9192        13.6639
    540000    2.1776    2.9483    0.0585    0.0706    1.3396    0.3598    0.0485    1.2420    0.7368    2.9843    1.2028    2.9844    0.6113    2.4914    2.4835    1.9183    2.2741    0.5962    0.5802    1.8412    2.1913    1.6392    2.7375    2.3835    1.0666    0.9016    0.1665    1.3744    1.2265    2.9018    2.1534    2.8295    2.1542    1.1591    2.2661    1.3739    2.0355    2.2424    2.7561    2.3502    2.6699    2.2352    2.7215    1.1679    0.7674    0.7392    1.1826
    540000      62.803925
    550000         4.1288       -33.1996        37.3285
    550000         5.4218        17.1875
    550000    2.3401    2.9424    2.5738    1.2084    3.0428    0.5551    2.8719    0.7530    2.8731    0.6991    2.5760    1.7189    0.8209    0.0632    2.4085    1.4939    2.8725    0.0751    2.5662    2.1512    2.8147    1.6748    0.2041    2.9652    1.0312    0.2976    2.4566    0.5846    1.4255    1.0352    2.0991    1.9300    2.8928    0.7306    2.6914    2.1428    1.6397    2.9925    1.6803    1.7761    2.1238    1.7951    1.3027    2.0765    2.5110    1.9439    2.8304
    550000      63.959997
    560000         6.6434       -31.1513        37.7947
    560000         6.8186        20.7717
    560000    2.2190    1.7948    1.8721    2.4982    3.1214    0.4199    2.6191    0.7780    3.0775    0.4069    2.5828    1.7344    1.1298    0.6861    2.5126    1.1475    2.9820    0.8302    2.9971    0.7823    0.8195    1.8826    0.9107    2.7668    3.0441    1.5749    2.7518    0.1350    2.2782    0.9201    2.3177    1.6875    2.7576    0.1370    3.0222    2.5784    2.9606    3.1087    3.0587    2.9899    3.1119    2.4158    0.9525    2.7240    2.8576    1.6732    1.1577
    560000      65.132070
    570000         7.1381       -29.7408        36.8789
    570000         6.7394        12.6108
    570000    2.2465    1.0342    2.2053    2.5516    2.6982    1.6825    0.6428    0.2029    0.8503    2.4059    0.1002    3.1311    2.4152    2.2118    1.7073    2.6493    0.1387    0.4968    2.6161    0.2153    2.1055    1.5499    2.5657    0.9885    2.4625    2.4984    2.5606    1.4659    2.5183    1.2473    0.9911    2.3921    2.9881    1.5645    2.6616    0.9790    2.6503    2.9043    2.1059    2.0499    2.6267    1.1418    3.1364    2.2945    1.6177    1.8695    2.0992
    570000      66.312144
    580000         7.8484       -31.4666        39.3149
    580000         7.2633        12.3047
    580000    1.8212    1.6196    1.5739    2.0255    2.4416    0.9423    0.8131    0.7233    1.2933    1.3963    2.9054    3.0501    2.6419    2.1544    1.5212    2.7660    0.2120    0.5216    2.6558    0.2209    2.7089    2.4872    0.9647    0.7443    2.6410    2.8267    2.4481    2.5168    2.3135    3.0878    2.1704    2.9488    3.0568    0.7839    2.5463    1.5591    2.6751    3.0329    2.0177    2.9484    2.0914    2.6443    3.0376    2.8630    0.4039    2.7469    1.5307
    580000      67.488218
    590000         2.3476       -32.3498        34.6974
    590000         3.7540         5.8342
    590000    0.7045    2.7236    1.7254    1.8681    3.1326    2.1980    1.8945    0.0683    2.9513    1.1941    1.7714    1.8273    1.1154    0.8564    0.9223    2.4347    2.7628    0.7766    1.4870    2.5799    2.2504    0.7602    0.7417    0.8755    0.3319    0.4324    3.0560    1.6262    2.9581    1.5133    2.9848    2.8491    1.4643    1.2916    0.3009    0.6025    0.6582    1.1076    2.8960    1.0127    0.4808    3.0653    1.3692    1.6450    2.0717    1.0928    3.0740
    590000      68.652290
    600000        -0.1938       -29.9939        29.8001
    600000         6.5191        20.6908
    600000    2.3291    2.6524    2.0021    2.2969    2.1697    2.7191    0.1585    2.3607    0.8954    2.5829    0.7353    3.1112    0.8968    2.5353    2.4933    2.0700    1.9242    0.5507    1.6687    0.4417    1.7662    2.6554    0.9927    3.0937    0.5290    0.7466    0.4724    1.5967    0.9042    3.1412    2.5630    3.0252    1.8800    1.0332    2.1300    2.0897    0.4734    1.8350    2.8110    1.6800    2.4788    1.8853    2.9182    1.9348    0.2825    1.0185    1.8856
    600000      69.824364
    610000         0.7428       -32.9454        33.6882
    610000         6.6401         8.4927
    610000    2.2174    1.5764    2.3301    2.5590    2.4242    1.9281    0.3940    0.2164    0.6521    2.3632    0.0006    3.1140    2.1028    1.8993    1.9501    2.2909    0.4698    0.6964    2.9195    0.1381    2.3942    2.7088    1.6116    2.4509    2.2112    2.4342    2.5501    0.9821    2.0387    0.7113    1.2376    2.5142    2.6864    0.9808    2.7719    1.2717    2.3283    2.8784    3.1138    3.0755    2.0156    1.8041    2.9918    1.6451    0.4276    0.5664    1.3702
    610000      70.988436
    620000         5.8651       -32.0284        37.8935
    620000         3.7708         9.0106
    620000    1.5289    1.0079    1.3847    2.5059    2.4708    0.7337    2.5947    0.6105    2.7396    0.4938    1.7899    2.0370    2.0743    0.6798    2.9431    0.9083    2.5728    1.2679    2.5000    2.4126    1.9094    0.1718    0.6133    2.8094    2.0871    1.1033    2.4538    0.8789    0.5034    0.2316    2.2329    0.9345    2.1864    1.0836    2.6906    1.2675    1.8534    2.2094    3.0725    2.1650    0.2258    0.5903    1.4140    2.9733    2.5026    0.5537    1.2640
    620000      72.160510
    630000         4.8521       -31.5415        36.3936
    630000         6.8396        13.9503
    630000    1.7434    2.5656    2.3108    1.6444    1.6269    0.2132    1.4539    0.7992    1.3641    2.5799    0.1484    2.4566    2.5727    2.4575    1.7992    1.7195    1.6599    0.7057    2.6370    1.2251    2.7810    3.0439    3.0645    2.5583    2.1687    2.4887    2.6596    2.8996    2.3136    3.1100    2.1639    2.8115    2.5840    0.6404    2.7109    1.7707    2.1245    2.8742    2.9447    2.4790    2.9188    2.2099    2.5033    1.4677    1.4415    0.5783    0.7160
    630000      73.324582
    640000         5.3496       -30.4682        35.8178
    640000         6.1557        17.6506
    640000    2.2748    2.4526    1.7434    2.5807    2.8493    0.7973    2.7425    0.9167    2.6758    1.1264    2.5448    1.4868    1.5678    0.8330    2.1693    1.6012    2.7335    0.9635    2.6115    1.0746    1.2361    1.8105    0.1416    1.9611    2.6111    3.0503    1.1901    0.2424    2.5868    1.6027    2.5522    1.7980    2.9380    0.1426    3.0679    2.4541    2.8596    2.6695    2.2054    2.8521    2.7547    1.5352    1.3599    2.1251    2.6759    1.2780    0.7635
    640000      74.488655
    650000         8.0316       -27.3122        35.3438
    650000         6.1359         9.9886
    650000    1.6240    0.7790    2.5615    2.3429    3.0482    0.6058    2.0871    0.2743    2.0072    1.9586    1.6470    3.0400    2.0643    1.6487    2.0348    2.5307    0.3012    0.2157    1.9440    1.1206    1.7678    1.8710    1.0141    1.0947    2.1947    2.0886    2.7298    0.7598    2.9223    0.1100    0.3823    2.1117    2.9970    1.9050    2.7466    2.0122    1.0124    1.8838    1.8109    1.1267    1.3526    0.8083    3.1133    2.4563    0.4988    2.5937    0.9863
    650000      75.652728
    660000        11.2871       -30.6290        41.9161
    660000         4.1895        12.1347
    660000    0.9252    1.7298    3.0002    2.4161    3.0772    1.6526    2.6707    1.8248    3.0436    1.3672    2.2763    1.2203    2.0970    0.8931    2.8846    2.7935    1.1019    1.9722    1.2889    0.8037    2.1863    0.6369    1.8610    0.4492    0.6034    0.5122    3.1296    2.5866    2.8222    2.7485    1.8423    2.9073    2.4102    1.5201    0.2523    0.6722    1.2962    1.1435    2.3748    1.0287    1.0974    0.8549    1.6688    0.6394    2.8543    0.0788    3.1255
    660000      76.828801
    670000         3.4345       -32.9461        36.3806
    670000         7.2709        13.2638
    670000    1.7462    1.7957    1.9102    2.2296    2.1861    0.3151    1.8758    0.1176    1.5897    2.5829    0.5068    2.3600    2.8580    2.6643    2.6152    0.6061    1.5816    0.5486    2.8984    1.6477    2.1664    2.4416    2.2557    2.4609    2.7390    3.1226    2.2755    2.9676    2.5684    2.6809    2.4322    2.5364    3.1237    0.1584    2.8889    1.5966    2.0647    2.9528    2.6618    2.3847    2.9829    2.3159    3.0142    2.9606    1.1890    2.8077    0.8379
    670000      78.008875
    680000         6.3556       -28.7397        35.0953
    680000         4.4143         4.3352
    680000    2.0965    0.6667    3.0357    2.7928    2.1234    2.1947    3.0072    0.2630    2.9509    1.3043    1.8788    3.0979    2.5674    0.7919    2.5721    2.3057    0.1270    0.0999    1.7480    0.7733    2.4246    0.4826    1.8445    0.0998    2.5995    2.5419    2.9424    1.6944    2.6201    2.5338    2.7614    2.0558    1.9273    0.7016    1.9788    0.2459    2.9626    2.0842    2.2534    3.0372    0.9179    2.4467    2.0684    1.4977    0.1052    2.5628    2.2478
    680000      79.184949
    690000         2.4341       -26.8535        29.2877
    690000         6.6644        18.1588
    690000    2.3946    2.3269    2.0839    1.9034    2.8262    0.4706    2.9319    1.1981    0.6975    2.5946    0.5678    2.9284    1.5523    2.6189    2.2413    2.2639    1.8575    0.4654    0.0889    2.2595    1.3975    2.5897    0.0171    2.3509    1.2380    1.1334    0.2174    1.4270    1.3468    2.5491    2.0093    2.8244    2.1710    0.2273    3.0196    2.3842    1.2939    2.8408    3.1094    1.5076    2.1021    1.5209    2.9842    1.6535    2.1805    2.9745    1.7048
    690000      80.345021
    700000         3.8391       -31.6481        35.4872
    700000         3.8170         9.4878
    700000    2.4145    3.0461    1.5455    1.7379    2.4792    1.4809    2.6143    0.6828    3.0322    1.7415    2.0532    2.5093    0.2144    0.2683    1.9254    2.3561    2.4716    1.0496    2.6253    1.4515    0.7851    1.5502    0.7171    2.6367    0.0887    0.1570    1.9255    1.7205    0.1562    1.5577    3.0306    2.7583    2.0603    0.3913    0.4380    2.4733    0.4375    2.6315    3.0042    2.2631    0.5256    2.7805    0.1983    0.5050    2.9959    1.2350    2.0030
    700000      81.513094
    710000         6.4553       -28.9138        35.3691
    710000         6.0858        18.1092
    710000    1.5296    1.8415    1.0021    2.4776    2.2595    0.6163    2.0510    1.6739    2.4428    1.5128    2.3519    1.4124    1.8627    1.1391    2.7240    1.5498    2.7812    0.8644    3.1249    3.1342    1.4362    0.1584    0.3136    1.6094    2.9014    0.7549    2.7422    1.0013    0.3561    0.1791    2.1525    0.3576    2.9575    0.5164    2.6468    1.4218    3.0737    2.0321    2.9655    2.2620    2.7896    1.6144    2.0863    2.8251    2.9830    2.7287    1.0307
    710000      82.689168
    720000         5.0412       -27.3859        32.4272
    720000         5.0633         3.1320
    720000    1.8422    0.3014    1.1451    2.7909    2.4054    1.5880    2.5523    0.0244    2.3396    1.7028    1.8811    2.9005    2.4340    0.9591    2.3857    2.6945    0.0703    0.2509    2.4024    0.3595    1.9712    1.6685    2.5154    0.6040    2.7216    2.3746    2.8571    1.2853    2.8773    1.4821    1.9582    1.7934    2.8988    1.4520    2.5974    1.2455    2.0189    3.0079    1.1386    2.6573    1.5391    1.3398    2.8919    0.0459    1.0377    1.3767    2.9323
    720000      83.853240
    730000         0.4653       -31.7577        32.2231
    730000         7.1659        20.8560
    730000    1.9480    2.8206    3.1390    2.6838    2.4128    2.7090    1.6356    2.9805    1.5646    2.3591    0.8937    2.8750    1.1459    2.8973    2.3862    1.7091    2.5384    0.2683    1.8426    2.1257    0.4090    2.2976    2.2400    2.6756    1.5778    2.3369    1.5524    1.4125    1.2855    2.3828    2.7816    2.8196    2.9799    0.1028    2.8530    1.3141    1.3789    1.9681    3.0441    1.7850    2.5394    2.0330    2.9921    1.8335    1.3397    1.7846    0.3860
    730000      85.013313
    740000         8.1286       -23.1077        31.2363
    740000         4.5941         6.9069
    740000    1.1536    1.8201    3.0828    0.8979    2.9078    2.0594    3.0237    1.6566    2.9978    1.9362    0.2174    1.5302    1.3069    2.5816    1.5394    2.6031    2.3122    0.7684    0.2114    2.5797    2.6639    1.6496    0.4457    2.8669    0.2864    0.5754    1.7503    2.0415    1.8671    3.0311    2.7613    2.7866    3.0897    0.5999    1.1984    0.8164    0.3641    0.5591    2.7495    3.1016    2.0654    2.7167    2.5256    1.5878    3.0143    2.2105    2.5991
    740000      86.141383
    750000         7.4096       -33.8368        41.2464
    750000         4.8699        12.8475
    750000    0.7872    2.3451    3.0708    0.7156    2.5546    1.5597    3.0390    1.2203    2.9740    1.3430    1.4004    2.7193    1.0263    1.8772    1.8524    3.0251    2.7931    0.8808    2.6761    2.9978    2.4043    2.3523    0.0958    2.8654    0.3092    0.4248    1.9756    1.5366    2.4374    2.2678    2.9548    3.0567    2.3133    0.7747    1.3239    1.2109    1.2310    1.6317    2.3007    1.3818    0.8584    2.5831    2.2236    1.0045    2.9988    2.4736    1.7212
    750000      87.309456
    760000         2.8256       -32.6586        35.4842
    760000         4.4881         9.0410
    760000    2.3904    2.9492    1.7202    0.5070    2.5672    0.0058    2.8987    0.4761    2.0720    1.5827    0.4301    3.0885    0.6566    2.2315    2.3753    2.8540    2.0715    0.8703    2.5168    2.8618    2.2050    2.9196    0.5110    3.0995    0.3544    1.5692    2.3223    1.3252    2.9089    1.0522    2.1350    2.5911    2.0191    1.2682    1.6230    0.3969    2.0008    1.8386    2.2158    1.1641    1.0200    1.5985    2.2438    1.1524    2.5770    1.0202    0.3219
    760000      88.497531
    770000         3.7105       -31.1614        34.8719
    770000         4.7365        13.2857
    770000    2.3966    2.7079    2.1971    1.2326    3.0310    0.0832    2.8584    0.0709    2.7917    0.0989    1.6448    2.5870    1.0605    2.5090    2.7423    3.0738    1.9377    0.9894    2.6311    2.9593    2.5299    2.5323    0.9952    2.1803    0.0133    0.2551    0.8138    0.8427    1.9659    0.6636    0.9327    2.3181    2.7182    1.6919    1.0904    2.7089    1.0059    0.4211    2.7262    0.6917    2.0712    1.1272    2.0796    0.5840    2.5636    2.9536    3.0283
    770000      89.709606
    780000         0.6097       -29.0096        29.6194
    780000         5.3134        10.2712
    780000    2.1085    1.0080    2.7213    2.5627    2.1932    1.6835    2.4521    1.8255    2.2352    2.0055    2.0784    1.3255    2.9612    1.7569    2.8300    1.9054    2.7290    1.0079    3.0120    3.0831    1.5875    0.5966    0.4959    0.9719    2.7712    0.1128    0.9834    2.0066    1.0324    1.6009    3.0313    1.7269    2.7941    1.6643    2.9176    2.3170    2.8702    2.7916    2.5486    1.8311    1.5995    0.9468    2.1213    1.1622    2.2302    1.5330    0.3235
    780000      90.905681
    790000         9.0780       -25.4848        34.5628
    790000         4.7874        13.6672
    790000    2.2706    1.3369    1.9920    2.7703    3.1017    0.3307    2.9286    0.2502    3.0532    0.0067    2.2531    1.2316    0.9798    0.2453    2.4335    1.7130    2.8540    0.2542    2.4052    2.9741    2.6375    1.1711    0.3587    1.7578    1.0631    0.0601    2.9143    1.0363    0.6921    0.0001    1.7056    2.8921    1.4826    0.9902    1.0478    2.7338    0.2382    0.5608    3.0981    0.3892    2.8603    0.1217    2.2851    0.9589    3.0192    2.5859    2.7050
    790000      92.089755
    800000         3.2215       -28.3071        31.5286
    800000         5.5510        10.4613
    800000    2.2809    3.0976    2.7568    0.6609    3.0000    0.0031    3.0837    0.1063    2.4611    0.5657    2.5387    1.8635    1.3596    0.2302    1.6547    1.6198    2.9544    0.6280    2.9455    0.5162    1.5866    0.9654    0.1234    0.7579    2.4944    1.3870    2.4171    0.4608    1.9129    1.0131    2.3263    2.5484    2.2552    0.1863    1.4413    2.6487    2.4476    2.3123    2.8312    2.1256    1.3747    1.1233    2.3796    0.5308    1.7832    1.9406    1.9498
    800000      93.281830
    810000         1.5976       -28.7924        30.3900
    810000         6.5120        11.4418
    810000    2.0843    2.3230    2.2237    2.1742    3.1411    0.4144    2.6972    0.5099    1.0354    1.6697    2.5089    1.8159    1.9676    0.7601    2.0226    1.6153    3.0370    0.7663    3.0722    1.5515    2.6073    2.6358    1.9662    3.0282    3.1203    1.3370    2.7271    0.1705    1.7719    0.3708    2.6807    0.1458    2.9751    0.8969    1.0125    2.5264    3.0292    1.9838    3.1012    2.8384    2.4432    1.5447    2.6178    0.6987    2.2843    3.1222    1.3992
    810000      94.473904
    820000         3.4797       -30.3384        33.8181
    820000         5.0214         5.2780
    820000    1.5937    1.1907    0.1044    1.3636    0.4095    1.5411    2.8352    0.2947    0.7878    1.5749    1.0740    3.0059    1.9154    1.3813    2.6120    2.6324    0.3499    0.2694    1.5392    1.2128    2.2478    1.7894    0.7293    2.8159    1.7404    1.1151    1.1438    1.0313    1.8635    0.2731    1.9302    2.5113    3.0631    1.6914    2.3475    0.1312    2.3746    2.3493    2.3088    1.6402    2.6117    1.0549    0.8538    0.3159    1.1319    1.1578    3.0454
    820000      95.665979
    830000         8.2883       -27.0352        35.3235
    830000         6.1397        10.7907
    830000    1.2226    1.6746    3.0012    1.2282    2.7911    3.0144    2.3594    2.6341    2.2476    2.6691    0.0278    1.9698    0.5655    2.7982    2.4721    1.9175    3.0561    0.0933    1.4673    2.3725    1.3959    1.7455    1.5607    2.7398    0.6624    1.0202    1.5344    1.6444    2.8650    1.7328    3.0529    2.8534    2.5845    0.7533    1.6896    0.8181    1.5628    1.4599    2.8557    2.7647    1.8192    1.9839    2.8925    2.0632    2.0462    0.9186    2.4425
    830000      96.846052
    840000         6.2865       -26.8067        33.0933
    840000         4.8341        13.4262
    840000    1.3586    1.5420    3.0458    0.8197    2.7848    2.5176    3.0642    0.5001    2.9599    0.6888    1.4766    2.9847    1.2888    1.1275    0.2182    0.5428    1.5911    1.4160    2.0782    0.0061    1.2802    0.8766    0.4841    0.1951    0.7898    0.9882    2.2943    2.4766    2.4477    3.0766    2.5970    2.8576    2.9528    0.5904    1.1538    2.1767    1.4365    2.0161    0.3367    1.4576    1.2981    2.5449    2.3587    0.2681    1.8762    2.0166    2.5071
    840000      98.022126
    850000         4.7411       -27.7323        32.4733
    850000         5.5185         4.0827
    850000    2.2664    0.7794    2.1443    2.7005    2.8286    1.3787    2.2354    0.0583    2.6141    1.9467    2.8512    2.9239    1.8432    1.6385    1.9982    2.6964    0.2174    0.3662    2.2478    0.6820    2.1866    1.5084    2.0495    0.5285    2.7917    0.4179    2.1472    2.0542    2.6630    2.0306    2.6967    2.5360    3.0591    0.5217    2.7127    0.2066    2.5939    2.1681    1.7087    2.7270    1.8978    0.3395    2.7676    0.9855    0.3585    0.3194    2.0145
    850000      99.202200
    860000        -1.8645       -31.1658        29.3014
    860000         5.0064        12.6446
    860000    2.0669    0.6364    2.8955    2.2408    1.9972    0.0717    3.0399    0.0744    2.9224    1.8043    1.7320    2.5561    2.8442    2.9498    0.0839    3.1363    0.1442    1.0899    1.2781    0.5624    2.4929    0.0861    2.9783    0.3802    1.6064    1.2072    2.0597    2.4147    2.3363    3.0255    2.5103    2.9253    2.8608    0.0177    1.5286    2.6598    2.9196    2.0030    1.1742    2.6760    2.4836    0.6998    2.8049    0.5827    0.1711    0.3763    3.0844
    860000     100.406275
    870000         8.8679       -27.7940        36.6619
    870000         3.7657        10.6547
    870000    1.9287    3.1157    0.8306    1.9005    1.6250    0.0735    2.8636    0.4838    2.7193    0.7063    2.2011    1.5818    0.8616    0.1849    1.9723    1.5681    2.6707    0.1863    2.8913    2.5386    2.6733    2.6565    1.2461    1.3044    0.4802    0.4745    3.0442    1.1756    1.3312    0.2260    0.9987    2.5704    2.0708    0.7607    1.0522    3.1036    1.2745    2.0128    2.0883    2.7972    1.0059    0.7616    2.6804    2.0359    3.1065    1.1830    2.8090
    870000     101.610350
    880000         2.2178       -29.8891        32.1070
    880000         4.6680        10.1244
    880000    1.7760    1.0702    2.9587    1.4629    2.6827    3.0221    2.4327    2.5514    2.5696    1.8743    0.2028    2.2653    0.7933    3.0758    2.2415    2.9136    3.0018    0.0603    2.3519    2.6501    2.9337    1.2180    1.1209    1.7029    0.4445    0.6736    0.2856    2.6416    0.9596    3.0381    2.7463    2.8880    3.1240    0.6787    1.5438    1.8898    1.5394    2.1053    0.6210    0.2295    1.6841    1.4463    2.6714    0.0763    2.4384    1.4490    0.0526
    880000     102.818426
    890000         1.7792       -29.2711        31.0502
    890000         4.5398        11.1235
    890000    1.9420    0.7768    2.6765    1.3525    1.1878    1.6664    2.2419    2.4596    2.5880    1.9132    0.2499    1.9015    1.0806    2.4755    2.2693    3.0833    2.0501    0.7048    0.2657    2.5104    0.1679    0.5602    0.6891    0.8681    0.9439    0.5225    0.3345    2.5043    0.9598    3.0405    2.8445    2.9250    3.1019    0.6314    1.7124    1.8748    1.5167    2.8226    0.8906    1.2427    1.2409    1.7147    2.8839    0.2831    0.4446    0.4325    1.5063
    890000     104.022501
    900000         7.1274       -28.4075        35.5349
    900000         6.2142        11.9467
    900000    0.9422    2.8735    2.8635    1.4268    2.7035    1.0485    0.9239    2.8619    2.2409    2.6706    2.6517    2.0501    3.0238    1.0440    1.9819    2.2184    2.8877    0.6539    3.0000    1.2089    1.4099    2.1252    2.5557    1.4185    3.0277    1.5408    2.6589    1.2232    2.7234    0.8577    2.0261    1.7950    1.8597    1.2905    1.4714    2.8728    2.9634    2.5339    2.9377    2.5535    2.7270    0.1940    2.0103    1.9994    1.2920    3.0518    1.4400
    900000     105.234577
    910000         1.9909       -33.1314        35.1223
    910000         4.7040         7.9206
    910000    1.8886    3.0884    2.1426    3.1159    1.8748    2.1980    2.5838    0.6000    2.3229    1.1709    2.5128    2.0808    1.4434    0.6884    2.1380    1.6923    3.1391    0.6122    3.1142    1.6986    0.7026    0.9687    0.7414    1.0585    2.7635    1.2289    2.5396    0.8870    2.1987    1.0980    2.2949    2.8973    0.2736    0.9730    0.8972    3.0793    3.0714    2.0472    2.2700    2.7519    2.6905    1.8186    2.7315    1.1268    2.7192    2.7991    1.6850
    910000     106.454653
    920000         7.6345       -30.5969        38.2314
    920000         5.0785         9.2689
    920000    1.7566    1.0859    2.9260    1.9627    2.1109    3.0627    2.2922    2.9896    2.4253    2.9101    0.3769    1.1585    1.3533    2.7931    2.1147    2.5426    3.0264    0.5876    1.0201    2.6907    0.7556    1.2602    1.0907    1.4787    0.0290    0.3531    0.6829    2.0935    1.3969    2.9478    2.0362    3.0779    2.8455    1.5044    2.3339    2.4026    0.3573    2.5546    2.2950    0.1602    3.1104    1.9271    2.9690    0.2486    2.8636    0.9793    1.3436
    920000     107.662728
    930000         1.7806       -34.6320        36.4126
    930000         4.9998         3.8064
    930000    2.1735    0.7908    2.3768    2.4162    2.9779    2.0243    2.5243    0.4281    2.7750    1.6525    2.4136    2.9132    2.2772    0.8585    2.5711    2.5907    0.1398    0.3015    2.0212    0.1736    2.3278    0.7997    2.3574    0.5909    3.1328    1.8173    2.7284    2.0651    2.6522    2.5298    3.0175    1.9511    2.7038    0.6530    2.6927    0.0983    2.8706    2.2317    0.7437    3.0519    1.0966    0.2065    2.9744    2.9036    0.3778    0.5178    0.0671
    930000     108.886805
    940000         0.5813       -33.2905        33.8718
    940000         4.4041         6.7369
    940000    1.8933    0.8619    2.9533    2.1950    1.9203    1.9288    2.7920    0.0862    2.7587    0.9625    1.8071    0.0053    2.4430    3.1037    2.4269    1.8792    2.4824    0.3687    2.4540    0.2466    1.4573    0.3956    1.1450    0.1781    0.7813    0.6434    1.3996    2.3890    1.6397    3.0416    2.1820    2.9946    2.5478    2.2608    0.1432    2.4299    0.7863    2.5104    0.0119    1.6675    2.4906    0.9995    2.8305    1.0063    0.6856    0.6503    2.5801
    940000     110.110881
    950000         4.5069       -26.4083        30.9152
    950000         6.3317        12.6487
    950000    0.9543    2.9080    2.9496    0.9556    2.7388    1.1241    1.9825    2.2590    2.4389    2.1521    2.8038    1.8117    2.6343    0.8269    1.7981    2.2568    3.0226    0.6123    3.1314    0.2411    2.3255    2.2443    0.6907    1.2474    2.9747    1.7036    2.6404    0.8501    2.6806    0.9268    2.1558    1.6573    1.9823    1.1299    0.7550    2.8931    3.1364    2.9402    1.0934    2.5576    1.5706    2.2080    2.4004    0.0570    2.0021    2.0419    2.5392
    950000     111.326957
    960000         5.4556       -28.3864        33.8420
    960000         4.1968        13.0635
    960000    2.4329    3.1300    2.8706    0.8093    3.1029    0.2890    2.9849    0.2971    3.1252    0.0923    1.4924    0.9046    1.6293    2.8771    1.5403    1.6985    2.8755    0.7848    1.1738    2.0122    2.8534    2.6063    0.4545    2.1488    0.9185    0.3930    2.5116    0.9333    1.8016    1.0108    0.4663    2.7921    2.2705    0.7700    0.5886    1.6274    0.7748    1.9770    3.0074    1.9131    1.0351    1.8787    2.8273    0.2270    2.8753    0.5339    3.0372
    960000     112.515032
    970000         5.6569       -29.4984        35.1553
    970000         4.1131         5.3114
    970000    1.7551    0.5746    2.4456    1.9990    2.7175    0.5586    2.0890    1.1681    2.9694    0.4780    1.0077    0.6626    3.1068    2.7149    2.9113    1.4976    2.7898    0.4481    0.0163    0.9891    1.3176    0.1075    1.5613    1.0541    3.0455    1.4206    2.6700    0.9162    1.4020    0.8240    2.1157    2.1611    2.1394    2.1275    2.6227    2.6570    1.7951    3.0300    2.0376    0.2494    2.7500    0.6451    2.4505    1.3264    2.4952    0.3230    2.7789
    970000     113.723107
    980000         5.5493       -30.0500        35.5992
    980000         4.6225        14.5015
    980000    2.4438    2.8584    3.1281    0.5999    3.1325    0.6037    2.9473    0.0232    3.0422    0.4593    1.9820    0.7675    1.5731    3.1192    1.6549    1.5636    2.9540    0.9658    1.3315    2.0185    2.8641    2.3770    0.5024    1.6126    0.2727    0.2266    2.3501    0.2133    1.3267    1.3837    0.3877    2.7791    2.3907    0.8438    0.4075    1.6080    0.5794    1.8536    2.8288    2.0717    0.9000    1.6327    2.9120    0.1010    2.9113    0.4952    2.6573
    980000     114.935183
    990000         6.0982       -28.2982        34.3964
    990000         5.7547         5.1979
    990000    2.3635    1.8489    3.0889    2.7981    3.1058    1.2435    2.2964    0.0513    2.6815    1.8355    2.3080    3.1416    0.5858    2.0589    2.7512    1.9786    1.4651    1.7396    0.9833    1.8316    2.1039    2.1555    2.2376    2.0355    2.6532    0.8392    2.3404    1.6769    2.7037    0.3733    1.9030    2.7463    2.8827    2.4294    3.1135    0.0256    2.6380    1.7539    3.1050    0.6533    1.9073    1.7066    3.0491    0.5608    1.1807    2.4668    0.8817
    990000     116.163260
   1000000         5.6539       -30.0344        35.6883
   1000000         5.2483         8.2842
   1000000    2.3234    1.0912    2.6721    2.6865    3.1129    0.5093    1.4808    0.4617    2.8170    1.0773    1.7363    2.9827    1.4632    1.5978    2.7961    2.5241    0.5691    0.5884    1.0339    1.7993    2.3006    1.8520    1.9996    1.8390    2.7999    0.9700    1.2029    2.1573    3.0592    0.6115    1.8056    1.5112    2.9479    2.6937    2.7752    0.3549    1.9000    1.0059    1.9449    1.8684    1.4745    0.4913    1.4251    2.6815    0.1613    1.0440    2.2079
   1000000     117.383336
