# Step Wall_Time_s
         1        -5.0531        -5.0531         0.0000
         1        38.3137       132.1930
         1    0.7900    3.1416    0.0046    3.1416    0.0000    3.1416    0.0000    3.1416    0.0000    3.1416    0.0000    3.1416    0.0000    3.1416    0.0000    3.1416    0.0000    3.1416    0.0000    3.1416    0.0000    3.1416    0.0000    3.1416    0.0000    3.1416    0.0000    3.1416    0.0000    3.1416    0.0000    3.1416    0.0000    3.1416    0.0000    3.1416    0.0000    3.1416    0.0000    3.1416    0.0000    3.1416    0.0000    3.1416    0.0000    3.1416    0.0000    3.1416    0.0000    3.1416    0.0000    3.1416    0.0000    3.1416    0.0000    3.1416    0.0000    3.1416    0.0000    3.1416    0.0000    3.1416    0.0000    3.1416    0.0000    3.1416    0.0000    3.1416    0.0000    3.1416    0.0000    3.1416    0.0000    3.1416    0.0000    3.1416    0.0000    3.1416    0.0000    3.1416    0.0000    3.1416    0.0000    3.1416    0.0000    3.1416    0.0000    3.1416    0.0000    3.1416    0.0000    3.1416    0.0000    3.1416    0.0000    3.1416    0.0046
         1       0.002073
     10000        40.1411        -8.0513        48.1924
     10000        13.7159        30.2165
     10000    2.0582    0.8635    2.0446    3.0408    0.9724    1.9019    2.9293    1.9778    1.7333    2.4318    2.0357    2.1357    2.4360    2.3458    2.0895    2.5804    1.3350    2.6597    1.3296    2.2319    0.7114    2.6759    0.2307    0.8799    0.8769    1.7886    2.7992    0.5438    2.4578    2.5669    1.0111    0.7337    0.7318    0.3306    0.4457    0.9216    0.5069    1.4438    0.3596    2.3876    0.8279    1.9305    0.4918    2.8342    0.2037    2.3353    0.0404    0.3152    1.5082    1.6727    3.0105    0.3331    0.0247    1.6663    0.1348    2.4607    1.2550    1.0363    0.0798    0.9870    1.0532    1.3265    0.0527    0.9942    0.1978    0.9790    0.3270    1.0246    0.4711    1.0632    0.0164    1.1886    0.5827    0.7062    1.6526    1.1576    0.3734    0.4516    0.3823    0.6892    0.5822    2.8385    2.4342    2.1992    1.9325    2.8278    1.4129    2.7452    1.2797    1.1835    0.3591    1.1735    1.7518    1.7816    1.9094    0.9005    0.0762
     10000       2.581660
     20000        29.6157       -25.3846        55.0003
     20000        11.2889        32.7868
     20000    1.9189    2.2233    2.9872    2.1168    2.2745    0.7277    3.0115    1.3435    2.3707    0.4814    1.3874    1.5467    3.1031    3.0831    2.8722    1.2549    1.5508    0.5395    1.4228    1.3635    3.1144    0.0194    0.0988    0.2271    1.6045    2.1289    2.2908    2.8600    2.0586    2.8776    2.0480    0.2633    2.2723    1.1803    0.6796    0.7337    1.4720    0.5989    2.8036    1.1582    1.6377    2.2106    1.7040    2.9214    0.5837    2.8648    0.5603    1.6892    2.1667    1.8974    3.0368    1.7569    2.2324    2.8583    2.6439    1.4083    2.0815    2.6145    2.4199    2.0939    1.9951    0.4328    1.4352    2.4608    1.9107    1.1520    0.5645    1.7216    0.3563    3.0245    0.2131    3.0046    2.2129    1.4310    1.1333    0.7796    3.1411    1.4346    0.9821    1.0180    1.5571    2.7021    1.3876    0.6599    2.8264    2.6342    2.6448    1.6848    1.7755    1.5571    0.3776    1.1821    1.7688    0.6194    0.5662    0.1601    2.1199
     20000       5.352410
     30000        32.4751       -24.1514        56.6265
     30000        15.1305        29.5619
     30000    1.1592    2.4020    1.7700    3.1028    2.7724    0.8557    2.7010    1.7735    2.8698    1.4420    2.3073    1.6536    3.0869    2.7215    2.8510    2.0228    2.4667    1.9546    2.2947    1.8814    3.0436    0.9931    0.7841    0.4623    1.7540    3.0661    1.2207    2.4416    2.8385    1.9941    2.8523    0.0895    3.0152    0.1544    1.5279    0.0114    2.8559    0.5821    2.1699    0.6383    2.1375    0.1571    3.0574    0.2213    2.6946    0.5671    2.7858    0.8628    0.6277    2.7359    2.8577    0.3239    2.0238    1.1424    1.7240    1.9303    0.1689    3.1006    2.7962    1.7217    3.0992    0.8804    3.0939    0.1632    2.7259    0.0975    0.4220    1.3981    1.4183    1.5944    1.2459    1.6057    1.9936    0.7316    2.3638    1.2538    1.6191    2.9437    0.9835    2.8123    1.2047    2.0587    2.2217    0.6860    3.0538    0.1387    0.7071    2.0992    1.0716    2.0030    2.2464    1.8926    1.9340    1.4475    2.9811    0.9980    1.7643
     30000       8.196194
     40000        28.0769       -24.1544        52.2313
     40000         9.1917        10.3463
     40000    2.1307    2.4019    2.5741    0.6210    1.8737    2.8212    1.6041    2.8989    1.4082    0.7601    0.5177    0.4038    3.1123    1.5122    2.9856    1.2980    2.6579    1.5329    1.4836    2.6400    1.1131    2.1468    1.3706    1.5833    0.6691    1.4194    1.4262    1.5823    1.5299    2.0857    0.4519    0.3614    1.5663    2.3291    0.5422    1.4098    0.9033    1.6408    0.6915    0.6055    0.3264    0.0608    0.4608    0.0082    0.4178    0.1090    0.6610    0.9736    1.5012    2.5497    1.5911    2.2281    2.1071    2.0997    1.8295    2.5897    0.9068    2.7236    1.6293    2.3435    0.8867    0.2807    0.3723    0.4986    2.0537    1.3810    1.6145    0.9955    1.8938    0.0315    2.4106    0.1163    2.8796    0.4573    0.2120    0.8097    0.6177    0.5381    0.5854    1.7183    3.1220    1.7756    1.4818    0.7129    1.6546    2.8910    2.7272    0.5344    2.8181    0.0501    2.8307    0.7083    2.9094    0.6298    2.1312    0.0993    0.9393
     40000      11.082954
     50000        33.2372       -22.5394        55.7766
     50000        11.4796        21.1526
     50000    1.2174    2.8176    1.3758    2.3377    0.2027    0.0257    2.7234    0.7078    2.8119    1.4535    2.4914    1.7010    2.4207    1.4172    2.6916    2.3845    1.9786    0.9727    3.1350    0.7063    2.9541    0.0134    1.1819    0.4666    2.8385    2.8576    1.5081    3.1378    2.3524    2.7184    2.6483    0.0716    2.8636    0.7642    0.7684    0.0114    2.1383    0.0994    2.7188    0.2843    1.8329    1.2670    2.3382    0.2173    2.8161    0.4062    2.2965    1.6794    1.1853    2.8276    2.8622    2.5709    2.6654    1.9172    2.7469    1.8673    2.3191    2.8048    2.8791    2.3473    1.9748    0.2812    1.8471    0.7199    2.4618    0.5002    0.1189    1.4067    0.5398    3.1128    0.6147    2.8383    3.0230    0.5373    2.7079    1.0041    2.8844    1.1893    1.9239    0.7485    3.0518    2.3628    1.9588    0.7345    2.9867    2.8666    2.8168    1.9667    1.5412    2.0873    1.5939    0.6607    1.6292    0.8101    1.1550    0.5099    1.6787
     50000      13.908370
     60000        28.3295       -24.4645        52.7940
     60000        14.5282        21.9584
     60000    1.2295    2.7087    1.7798    0.6162    1.6786    0.6280    2.7044    0.8755    2.4520    1.1076    2.8661    1.4196    2.6880    2.3635    3.0341    2.9950    2.5391    1.8219    2.8291    1.3537    3.1145    1.4537    2.8778    0.1878    2.6783    2.7321    2.1790    2.3450    2.9592    2.6375    2.7342    0.2414    2.9984    0.2191    1.5677    0.1008    2.8758    0.5303    2.3465    0.7612    2.2209    0.0456    2.8850    0.1361    2.7421    0.4124    3.0819    0.7839    0.4476    2.1005    2.0135    0.6097    1.7305    1.2052    1.2501    1.4355    0.3251    3.0233    2.4876    1.5562    2.6866    1.0799    2.8352    0.2208    3.1288    0.9655    1.9107    1.9132    2.3514    0.9128    2.0473    0.9705    1.8331    0.1508    3.0004    1.1906    1.6409    2.4205    0.5531    2.1855    1.4284    2.2192    2.4395    0.3063    2.7281    0.4386    0.5125    2.6670    0.1712    2.7624    1.3765    3.0709    1.7456    2.0402    2.1350    1.8232    1.5049
     60000      16.757266
     70000        32.3432       -24.8165        57.1597
     70000         9.0807         9.6202
     70000    1.3470    2.9875    1.1656    0.3604    0.0737    0.9383    2.4518    0.8351    3.1351    0.9104    2.4671    0.5794    2.7971    0.1745    3.1040    0.0237    3.0073    0.0502    3.1269    0.0726    2.9997    0.8456    2.0104    0.4022    0.9976    2.7150    2.7626    1.4191    2.6575    2.6804    1.9795    0.0759    2.9489    0.3617    1.4959    0.4432    0.3484    1.1566    1.6764    1.3792    0.2325    1.5529    0.9103    0.4909    1.0603    0.8176    1.0752    0.8481    2.6682    1.8911    2.9184    1.2548    0.4203    0.4413    2.0303    1.5368    0.4780    0.4447    3.0226    0.2125    2.9551    0.4783    2.4436    0.8602    2.8450    1.7814    0.5789    0.6375    1.5651    0.6003    1.1932    0.9214    0.4802    0.1220    3.0715    0.6280    2.2588    0.3576    2.7690    0.6259    1.6375    1.5194    2.0029    0.0373    2.4897    1.2023    1.6838    0.5631    1.1353    0.7451    0.8641    0.6909    1.7244    2.0961    1.2392    1.0141    0.3515
     70000      19.545696
     80000        38.8376       -25.0485        63.8861
     80000        11.4197        16.9722
     80000    1.7676    2.9622    2.1403    0.9171    2.8467    0.2687    2.0239    0.5442    2.7887    0.5632    1.5885    1.0410    2.5323    2.6745    2.6081    2.5108    2.7804    0.0197    2.3475    0.5262    2.9355    0.6879    0.0586    0.1826    2.8139    2.5111    1.9350    1.4150    2.4751    1.9380    2.6348    0.2821    2.2128    0.0581    1.2607    0.2536    2.2236    0.1982    1.7336    0.3417    1.8546    0.3257    3.0881    0.1312    3.1345    0.3500    2.6139    0.4855    0.5251    1.8937    1.0742    1.9733    1.4733    1.3011    1.8933    2.1647    0.5181    3.1368    2.6816    1.5812    3.0403    1.0452    2.6143    0.1381    2.2656    0.6019    2.3266    0.4165    0.6187    1.0996    1.2793    1.7321    1.9079    0.0407    3.0935    0.9794    2.2755    1.6829    2.1057    1.7428    1.6849    2.5607    2.4169    0.5190    3.0517    1.0094    1.3401    2.0154    0.6977    1.8281    0.6510    2.3975    0.4506    1.7426    0.8164    1.2984    0.7274
     80000      22.422463
     90000        33.1127       -29.3919        62.5046
     90000         8.0087        12.8747
     90000    2.0083    2.8526    2.3538    0.4975    3.0014    0.0538    0.1222    0.0251    1.9996    0.4257    1.1145    0.2571    3.1289    0.5390    2.9092    0.3413    2.9553    0.0327    2.8730    0.0933    2.3862    0.2096    0.3721    0.7449    1.6035    2.6277    2.4847    1.9516    2.7131    2.8623    2.6980    0.5639    2.7852    0.5754    1.4790    0.2825    0.4463    1.1734    3.0304    0.7486    1.5078    2.1285    1.0361    0.7791    0.8199    1.1698    0.7531    1.9029    2.1718    0.4924    3.0084    0.7505    0.7426    1.3249    2.3935    1.9408    2.1298    1.5014    2.4724    1.0096    2.9117    0.5638    2.7500    0.6272    2.1985    1.3369    2.1875    0.3366    2.8496    0.4575    1.7019    2.1182    0.1994    3.1181    1.7772    0.1388    2.1741    1.0817    1.7019    0.5051    2.5968    2.5166    2.9082    0.1179    3.1179    2.7156    2.9923    0.4467    2.8213    1.5612    1.0714    1.8443    1.3513    1.9715    1.7140    2.5074    0.9851
     90000      25.384279
    100000        30.2891       -30.7358        61.0250
    100000         9.4775         8.7871
    100000    1.7788    1.0724    2.6713    2.7519    2.7628    2.5440    2.1600    0.5119    2.2823    2.6575    2.3363    0.4329    3.1361    1.0153    2.4239    1.1371    2.8252    2.3404    3.0031    2.7492    3.0353    2.7686    2.9775    1.7819    1.8250    1.0578    0.9282    0.5733    3.1397    0.1328    3.1136    0.3493    0.4172    3.0911    1.1318    2.0394    1.0463    2.8345    1.8700    1.5225    1.8855    1.7715    2.1319    1.1590    2.6171    1.6943    2.1031    0.2298    0.8362    1.5207    0.2845    1.9856    2.5404    2.6071    1.2538    1.8236    0.7521    1.2612    1.9284    1.7200    0.4399    1.2573    1.1492    2.7136    0.9401    3.1048    1.4186    1.7022    1.9321    0.3251    2.2645    0.2115    0.9818    0.1639    1.0687    1.3584    0.2686    0.1341    0.1617    1.9769    2.6730    2.3551    2.6789    1.4981    0.7463    1.8254    1.0349    1.4107    0.6939    2.9366    2.1758    1.1624    2.5408    0.5983    1.7350    1.6003    2.9903
    100000      28.269734
