# Step CPU_Time_s
         1        39.6214        -5.0630        44.6844
         1        38.1098       130.4820
         1    2.2358    1.1027    1.5564    0.6857    2.0528    1.4552    1.8770    0.2400    1.9210    1.8232    1.9900    0.8912    0.9073    2.0030    1.8965    2.5481    0.8467    1.9872    1.8939    2.0261    0.2430    1.7468    1.9867    1.4086    0.7233    1.2505    2.0854    1.0706    1.3752    0.8612    2.1084    1.1940    1.6473    0.5633    2.0090    1.5957    1.9681    0.1065    1.8755    1.9070    1.9573    2.6518    0.9014    2.0194    1.8819    2.4035    0.7001    1.9346    1.9183    1.8049    0.0696    1.6002    2.0243    1.2500    1.0110    1.0850    2.1057    1.0590    1.4810    0.7746    2.0864    1.3212    1.7604    0.4033    1.9628    1.7225    2.0012    0.0733    1.7924    1.9672    1.9221    2.6436    0.9260    2.0137    1.8816    2.2227    0.4927    1.8533    1.9514    1.5900    0.4096    1.4246    2.0585    1.1339    1.2301    0.9551    2.1143    1.1050    1.5637    0.6797    2.0505    1.4633    1.8834    0.2308    1.9185    1.8285    2.4520
         1       0.000000
     10000        42.4188       -12.8203        55.2391
     10000        10.1388        19.6831
     10000    1.3611    1.4573    0.3492    1.7548    0.3766    2.9806    1.5882    0.0284    1.7374    0.5881    2.2918    1.6629    0.5128    1.3112    1.4302    1.9483    1.3839    2.6326    0.5839    0.1491    0.7958    1.2540    0.9386    3.0237    1.1946    0.0139    2.6936    2.7945    0.1977    1.7495    1.1305    0.3967    2.0565    1.9396    1.9388    2.1850    2.0166    0.8074    0.6963    1.0400    1.1447    1.0866    3.1244    1.9716    3.0886    2.5645    0.6719    1.8430    0.1502    2.0958    1.1222    3.0287    2.8694    0.3490    1.1868    0.6586    0.2997    2.2847    2.3435    1.7221    1.4066    0.0451    2.9737    0.3359    2.8652    0.1964    3.0552    1.4490    2.5822    1.1440    0.4127    1.3784    0.0178    2.3436    0.2557    2.2421    1.2274    1.4248    1.1528    0.3338    1.5036    0.0478    1.1967    0.1925    1.1480    0.5261    2.2416    1.6705    0.8623    0.5122    0.7209    0.3039    1.8106    0.1369    2.2426    1.2730    1.8935
     10000       3.584224
     20000        44.3708       -19.9757        64.3466
     20000        11.2139        27.0491
     20000    2.0446    0.6007    0.7540    0.7321    2.2444    1.5595    0.7432    0.4763    2.6883    1.1949    3.0523    2.5084    2.4475    2.7061    0.3486    2.3866    2.1479    2.0748    2.0890    0.1045    1.1265    2.0944    0.2741    0.8924    2.1664    0.6539    2.8404    1.4372    0.6512    3.0507    1.8473    0.3346    1.6383    1.2699    2.7025    0.7202    1.8172    1.9611    2.2436    1.2183    3.0553    0.4840    1.5267    2.3045    3.0791    0.1888    3.1183    2.3232    0.9653    3.1244    3.0953    1.8236    1.8295    2.8274    2.9135    0.4203    2.5620    0.1114    0.7587    0.2222    2.2954    0.9574    3.0699    1.1440    1.9609    0.3828    1.7924    2.1600    2.7279    2.9109    0.6045    2.6649    1.1621    1.4570    1.7558    1.1516    0.7302    1.7075    2.2558    0.4680    2.9299    0.4353    1.5103    0.7194    2.7955    0.3611    2.6636    0.3339    2.6825    0.8226    2.6167    0.9227    1.6096    0.7153    0.9885    1.2443    2.7417
     20000       7.424464
     30000        42.0809       -24.5031        66.5840
     30000         7.4158        21.2781
     30000    2.2917    0.8424    1.7302    0.4031    2.2032    3.1269    0.1970    0.6698    2.4180    2.6214    2.8682    1.2752    2.8441    1.3544    1.2829    2.3432    1.3539    0.6490    1.2141    0.7284    0.9739    0.0695    2.7867    1.0533    0.7233    1.3380    1.7056    1.9187    0.6421    1.8015    0.2218    1.0919    1.3159    2.3447    0.9399    0.7604    1.0487    0.7138    2.0478    0.1481    1.4703    0.3117    1.7594    1.6524    1.4977    0.4134    3.1125    0.1405    2.1756    0.3384    1.7473    0.4830    1.4049    1.8951    2.2468    1.0736    0.5740    2.9325    1.6770    2.9185    0.7494    1.8213    1.3293    3.0741    1.0298    0.5797    2.4122    1.7639    1.7659    2.9154    3.0545    1.2028    2.2735    0.0505    1.7757    0.0404    2.6219    0.2069    1.3986    0.3944    1.5068    0.8992    0.3588    0.4388    0.0788    0.0942    0.1696    0.0340    0.5849    0.1752    0.3389    2.4913    0.7071    1.3947    1.0923    0.5754    1.0617
     30000      11.344709
     40000        38.8165       -28.8068        67.6233
     40000         7.1623         8.7671
     40000    0.7636    2.4422    0.8333    1.0430    1.9203    2.9157    0.7255    0.0650    0.4206    0.7634    1.4508    0.7276    1.6609    2.5423    0.6626    2.6271    1.5839    2.8077    0.6959    1.1367    0.0244    1.5479    2.2234    0.3003    1.8308    2.3586    2.9608    0.0044    2.2798    0.7391    0.9293    0.7651    2.7226    0.6946    0.6237    0.0242    0.7260    2.1487    1.5610    0.2586    1.4372    0.2395    1.4433    2.2608    1.2650    0.7954    1.6335    1.5250    2.4062    0.0245    0.9390    0.7486    0.6243    2.3874    1.1870    2.4761    0.6327    0.5752    1.5839    2.1928    0.9782    0.3755    2.6200    0.8636    1.2019    0.0636    1.4642    2.2561    1.1028    0.8477    1.8402    0.7298    2.0183    0.8042    1.5296    0.4301    1.9433    0.3620    1.1809    0.2144    1.3228    0.1763    1.1525    0.2471    0.9906    0.0202    0.7697    0.2886    0.7448    0.1119    0.7341    2.3101    1.5814    0.0983    1.1259    1.8028    0.8101
     40000      15.336958
     50000        36.9752       -30.3699        67.3451
     50000         7.6432        17.3283
     50000    1.6812    1.3220    2.0994    0.7897    1.7735    0.8885    1.7933    1.6490    1.0811    1.6480    1.4676    0.0737    1.3763    3.0244    0.9099    2.9052    1.8885    2.4044    0.9336    1.1418    0.9668    1.2105    1.3213    1.0277    1.5915    3.0312    2.8197    0.2200    1.8738    0.0577    1.3311    0.6005    3.0180    0.3175    0.0537    0.1423    0.9987    2.2568    1.5550    0.1458    1.4834    0.7679    1.0306    3.0821    1.2637    0.8947    1.5247    2.1407    2.3173    0.2299    0.6771    0.2721    0.9644    2.4134    0.3181    2.2948    1.3313    0.5276    2.5052    1.6153    0.5603    0.6799    3.0258    0.1828    0.3037    0.4167    0.5828    2.5772    0.0877    1.4895    0.8730    2.9272    1.3559    2.0993    0.6633    1.4593    0.6872    1.5390    1.1218    0.6919    1.3290    0.1388    1.7911    0.2803    1.9913    0.1445    2.0682    1.7843    1.1641    2.2883    2.0405    1.3439    0.1696    2.4808    0.7758    2.4125    1.2641
     50000      19.353209
     60000        39.0181       -28.5178        67.5359
     60000         8.9525        19.3772
     60000    1.3056    2.1811    1.8453    1.4340    1.2671    0.9219    0.4174    0.5792    1.1384    1.4687    1.4686    0.0258    1.1947    1.6509    0.3665    1.7372    2.6671    1.9563    1.8263    0.7689    1.3551    1.0961    2.1116    0.4588    1.4344    2.9499    2.5282    0.2385    2.2823    0.1138    2.1526    0.5304    3.0179    0.0482    0.3752    0.6329    0.8037    2.6836    1.1439    0.6788    1.5158    1.3969    0.5763    2.8501    0.9432    1.2547    1.3022    3.0937    2.0947    0.1731    0.8693    1.1553    1.0186    2.2475    0.8610    1.4952    1.1586    0.5915    2.6515    1.5522    1.1600    2.2803    3.0007    2.7822    2.4165    0.2612    3.0444    2.3486    2.6130    1.0160    1.0316    1.3006    0.7309    1.2071    0.7564    0.8101    0.9561    1.0974    1.3545    1.6402    0.6324    1.0533    1.5348    0.3975    1.0841    1.2969    2.2270    2.5642    1.7291    1.7185    1.8037    0.5192    0.5746    2.6633    0.7888    3.0406    1.5088
     60000      23.357459
     70000        34.2073       -32.1306        66.3379
     70000         6.6074        11.6597
     70000    1.5517    1.5696    2.0204    1.1657    1.1918    1.3479    0.6336    0.5759    0.6348    1.5695    1.3825    0.4192    1.1534    2.4731    0.4569    2.5539    1.8466    2.7995    1.0769    1.0136    1.1693    1.0900    1.3989    0.8746    1.3701    3.0381    2.4904    0.2094    1.3768    0.0172    0.9879    0.5235    2.9788    0.0303    0.4632    0.3719    0.9470    2.1785    1.4845    0.1265    1.4235    0.4748    1.6585    2.1838    1.5501    0.6257    1.7741    1.6408    2.4258    0.1958    0.6681    0.1912    0.6323    0.7752    2.8825    1.8291    1.5542    0.4654    2.4318    1.8686    0.6758    0.9230    3.0780    0.2714    0.2206    0.3843    1.3062    1.9286    0.1942    1.3496    0.0089    2.2409    1.2432    2.0021    0.4468    1.5455    0.7543    1.4520    1.0219    0.8366    1.3900    0.0560    1.3930    0.5370    1.4592    0.2510    1.8718    0.1030    2.3007    0.0097    2.9887    0.4118    1.3962    0.9858    0.2294    1.4373    1.0866
     70000      27.373710
     80000        23.4443       -41.8433        65.2875
     80000         5.9873         9.1300
     80000    1.6799    1.1380    2.0618    0.6731    2.0151    0.9830    0.5065    0.3286    1.0473    1.7378    1.8185    0.6332    0.9377    3.0877    1.0448    1.8419    2.8083    2.0976    0.3394    0.9550    0.5990    1.0993    0.4577    1.8038    1.5201    2.8935    3.1382    0.1483    2.0454    0.3187    0.2148    0.3958    2.2774    0.3178    1.4108    0.3469    1.5795    1.4365    3.0015    2.4489    0.0773    0.4491    3.0998    2.0248    1.2828    0.0760    1.3248    2.8748    0.7906    0.3763    0.7719    1.3053    1.4202    1.6374    1.5324    0.1156    1.7039    0.0660    2.8689    1.0029    0.0307    0.0158    1.9452    0.9276    2.4790    0.6733    1.9419    2.1923    1.6511    1.9365    1.4863    2.4370    1.0475    1.9795    0.7808    1.5716    1.1401    0.7438    2.3844    0.2908    2.9696    0.0708    2.7696    0.0822    1.9103    0.6910    1.1994    1.1890    0.1796    2.4972    0.8572    0.8028    1.1123    0.8917    1.0975    3.0117    2.5601
     80000      31.477967
     90000        18.5544       -46.0824        64.6368
     90000         6.1492         7.4076
     90000    0.7094    3.0161    0.6349    2.6972    1.0837    3.0641    1.1791    1.8442    2.6684    0.7824    2.3282    0.6285    2.7669    0.2132    0.2837    0.1458    1.4411    2.4045    0.6255    1.3850    0.0246    1.1139    1.0019    2.9240    1.8495    2.8841    3.0250    0.0152    2.3806    0.1485    1.8165    1.7311    1.4219    2.0599    0.8971    1.6590    0.0530    0.0355    2.2765    0.1272    2.7690    0.6476    2.1178    1.3530    1.0632    0.4715    0.9586    0.3478    2.4346    0.0884    2.6298    2.8990    2.2901    0.5161    1.7555    2.4277    0.4263    1.2484    0.8155    3.0535    0.0547    1.0482    1.1840    2.1952    0.9704    1.5660    0.0909    2.5360    0.3421    1.1417    2.8378    0.9604    0.3896    1.7242    0.2522    1.7561    0.9561    1.4970    1.6134    0.4206    2.5461    0.6246    1.8434    0.0075    0.6995    1.4717    0.0192    2.0111    0.9149    3.0935    0.6990    1.8261    0.0366    2.5866    0.1185    2.9880    2.0266
     90000      35.610225
    100000        19.2999       -44.0360        63.3358
    100000         6.6742         8.9054
    100000    1.5876    1.3165    1.9855    0.8419    1.6422    1.3865    3.0237    0.3699    2.5827    1.8579    1.7554    0.8521    2.6609    0.8590    0.4272    0.6189    0.2983    2.8529    0.0418    0.9093    0.4858    1.1009    0.0186    2.0031    1.4068    2.9695    2.6502    0.1721    1.6033    0.2918    0.3443    0.5066    1.6233    0.8926    1.9330    0.7000    1.4801    1.1226    2.6294    2.9129    0.8840    0.9433    2.5445    1.9484    1.2933    0.0022    1.2995    2.0528    0.0985    0.0144    0.9986    1.2569    2.6408    0.7414    1.8525    0.3457    1.9837    0.1184    2.9681    1.6497    0.0095    0.0297    1.8469    0.9049    2.2157    0.7827    1.3151    2.4892    1.1529    1.8322    1.7896    2.3852    1.0850    2.1174    0.8320    2.0080    1.5103    1.4278    2.1459    0.0711    2.7887    0.0932    2.4145    0.2114    1.7655    1.0120    0.9294    1.4860    1.6185    2.1214    1.6471    1.2572    0.6004    0.7493    1.4778    2.1545    1.7413
    100000      39.738483
