# Step Wall_Time_s
         1        -0.8365        -0.8365         0.0000
         1         7.7448        26.0655
         1    0.7900    3.1416    0.0046    3.1416    0.0000    3.1416    0.0000    3.1416    0.0000    3.1416    0.0000    3.1416    0.0000    3.1416    0.0000    3.1416    0.0046
         1       0.001025
     10000         5.4639        -4.6732        10.1370
     10000         5.2818        12.9899
     10000    2.1712    1.8485    2.3396    2.9775    2.0574    2.9356    2.9686    1.1894    3.1363    2.6329    2.8479    0.9782    2.0283    2.0234    2.4966    2.5884    2.7809
     10000       0.159627
     20000         9.7804        -1.8825        11.6629
     20000         5.1053        13.4444
     20000    1.9386    3.1364    3.0370    2.9445    2.4190    1.8597    3.1313    0.2783    3.0104    2.7698    2.1669    0.6526    2.5543    1.8113    2.5796    2.1976    2.9031
     20000       0.329964
     30000         4.3025        -4.2497         8.5522
     30000         5.5278        14.0434
     30000    2.3059    2.3005    3.1063    3.0370    2.8400    2.8829    3.0518    3.0669    2.6891    0.0700    3.0632    2.8015    2.3623    2.2357    2.7673    2.2701    2.8703
     30000       0.474459
     40000         9.7758        -8.1286        17.9044
     40000         2.2734         2.3800
     40000    1.2849    1.9005    1.6261    3.0682    1.3248    0.1830    1.4151    1.7724    2.9206    2.3088    3.1242    0.0462    1.6884    0.3364    1.9266    0.4325    2.8965
     40000       0.646712
     50000         8.9854        -1.7155        10.7010
     50000         4.1526        15.0710
     50000    1.9387    2.6586    2.7980    2.3812    3.0088    2.1114    1.0868    2.0664    2.7859    0.3291    2.8770    0.3632    2.9526    1.4517    2.7208    1.9176    2.8214
     50000       0.813656
     60000         5.1108        -1.6256         6.7364
     60000         3.5186        10.1149
     60000    2.0075    1.8888    2.9802    3.0019    2.8458    2.2047    3.1379    1.4998    3.0280    1.7622    3.0118    1.3063    0.3010    2.7633    2.8373    0.9777    2.8249
     60000       0.955849
     70000         8.8430        -2.6652        11.5082
     70000         2.0869         5.7159
     70000    2.2564    2.4186    1.9340    2.6938    2.5270    2.4095    2.5794    0.0958    2.7486    0.0149    2.7151    0.3099    0.8270    2.2103    2.8396    0.5161    2.1821
     70000       1.123032
     80000         7.5331        -6.9853        14.5185
     80000         5.4030        13.7175
     80000    1.9359    1.8944    3.0625    2.9269    2.5348    3.1101    3.0989    2.7397    3.0358    0.4726    3.1275    2.9949    2.7559    2.8583    2.5803    1.4821    2.9641
     80000       1.298401
     90000         7.4173        -4.4743        11.8915
     90000         4.0477        11.3918
     90000    2.0880    1.7364    2.9734    2.6795    2.4205    2.5543    1.6932    1.5487    2.9577    0.5033    2.6277    0.8597    1.9438    1.1892    0.4768    0.5114    2.4448
     90000       1.474279
    100000         9.3768        -2.5163        11.8931
    100000         4.1530         9.9453
    100000    2.1198    2.0497    2.7909    2.9571    3.0329    2.5464    3.1389    3.0581    2.6946    0.0206    2.7088    2.6391    2.7892    2.7769    2.9321    2.7486    2.2102
    100000       1.635893
    110000         8.0188        -6.6484        14.6673
    110000         3.1132         7.0898
    110000    1.7366    2.0232    2.7131    2.1975    1.5472    2.9115    3.0555    0.2202    2.8251    0.3254    2.1311    2.4041    0.3273    1.0046    3.0918    0.3612    2.7290
    110000       1.819865
    120000         8.5804        -1.5282        10.1086
    120000         2.3860         8.4966
    120000    1.3890    2.2279    0.1919    2.2828    0.8761    2.2454    0.4817    1.7689    0.5911    0.1460    3.1331    1.9543    2.5895    2.4927    2.6961    2.1327    2.9061
    120000       1.990644
    130000         3.8459        -1.3188         5.1647
    130000         2.4962         6.0705
    130000    2.0627    1.9899    3.1342    2.9547    3.0315    2.3667    1.0129    0.2799    1.6703    0.5351    3.0038    0.7331    3.0325    1.0461    2.1981    1.7470    3.1227
    130000       2.130021
    140000        10.1445        -1.8760        12.0205
    140000         4.7737        15.7892
    140000    2.0521    1.7115    2.9123    3.0470    3.0618    1.9587    2.9131    2.3309    2.3594    1.0005    2.6307    1.7751    2.4420    3.0528    0.7719    2.8756    2.6931
    140000       2.295236
    150000        11.9568        -2.0005        13.9573
    150000         1.8226         3.7073
    150000    1.2506    1.8391    2.0111    2.6125    1.4229    2.3653    0.1686    0.3012    2.5084    0.4472    1.2799    2.3291    1.4091    2.9442    2.8642    1.9325    2.9720
    150000       2.436922
    160000        11.5099        -4.0101        15.5199
    160000         2.7793         8.7327
    160000    2.3135    2.6933    2.2537    2.9155    2.8043    2.7819    2.1012    1.5816    2.9291    0.4913    0.7004    2.6267    3.1395    2.9961    1.9645    2.1132    1.7497
    160000       2.583040
    170000        11.2198        -2.4932        13.7130
    170000         2.4333         1.6680
    170000    1.8419    3.0217    3.0854    3.0136    2.0557    0.3135    3.0440    1.9205    2.4479    1.4779    1.2331    0.1605    1.8673    1.9163    2.5930    0.7187    3.1269
    170000       2.751781
    180000        12.9036        -2.9447        15.8482
    180000         3.2916         8.4728
    180000    1.4904    2.6892    2.2895    3.1230    2.1778    2.8800    3.0521    0.1119    2.9319    0.1242    2.2571    1.3550    1.3367    0.6120    1.0935    0.9763    2.9157
    180000       2.916719
    190000         8.5840        -2.0693        10.6534
    190000         7.3980        24.3220
    190000    2.2554    2.0415    2.9914    3.0229    2.3709    2.6418    3.1249    2.9241    2.7207    2.3694    2.9854    2.9325    3.1214    2.6590    2.8700    2.8076    2.9981
    190000       3.076332
    200000         8.1285        -5.5536        13.6821
    200000         2.3160         6.0237
    200000    1.3140    2.5639    2.3080    0.6038    1.6276    0.4678    2.3846    2.3451    2.9167    2.1246    2.1530    1.7959    1.1292    1.4256    2.4948    2.6497    3.0155
    200000       3.240770
    210000         8.9546        -3.6444        12.5990
    210000         5.4194        12.5081
    210000    2.1791    2.8208    2.9887    3.1217    3.0819    1.4858    2.1034    1.8163    2.9518    3.1078    2.9552    2.8703    2.8111    2.9351    2.4800    2.5600    2.2130
    210000       3.410301
    220000         9.5497        -1.8437        11.3934
    220000         2.5757         5.0302
    220000    1.4278    0.7777    1.5687    3.0724    2.8241    2.5440    3.0665    2.0487    1.9539    2.9692    2.6850    1.7839    2.7419    1.5668    0.8380    1.2742    1.3239
    220000       3.551674
    230000        10.4381        -5.4811        15.9192
    230000         4.3189        12.9635
    230000    1.1374    0.4364    2.6323    3.1341    1.5389    2.5792    2.3262    0.6279    2.0889    2.6424    3.0711    3.0687    2.7906    1.1089    2.4491    1.1227    2.7168
    230000       3.706427
    240000        11.5425        -1.7243        13.2668
    240000         3.7713         8.1818
    240000    1.6894    2.6287    2.2630    3.1178    2.0715    1.6609    2.9867    2.0800    2.9445    0.2841    3.1094    0.8014    3.1118    1.8425    1.5632    2.9712    1.8187
    240000       3.851289
    250000         9.0659        -2.8501        11.9160
    250000         3.7531         9.1839
    250000    1.3278    2.0357    2.4412    2.9749    3.1045    0.1824    2.8943    0.2505    2.1720    1.6420    2.5160    1.5190    2.8638    3.0129    0.8485    2.2263    2.7547
    250000       4.008413
    260000         9.1550        -1.5667        10.7217
    260000         4.1777        11.2358
    260000    1.1449    2.9251    3.1240    3.0406    2.8790    2.1842    0.7047    1.4607    2.6259    0.0302    2.9950    1.9165    3.1170    2.6033    2.6550    2.5247    3.0578
    260000       4.155980
    270000        12.3237        -7.7315        20.0551
    270000         3.0108         5.5313
    270000    1.6502    2.3448    2.9757    0.0860    2.3323    2.9632    2.7345    2.1960    2.3897    1.5411    1.7391    2.9537    2.3123    1.1039    2.7410    3.0377    2.8428
    270000       4.311804
    280000         6.8140        -1.8290         8.6430
    280000         3.4737         8.1475
    280000    1.9829    1.8860    2.8527    3.0867    2.2166    2.2649    0.0473    2.8618    2.0373    2.0374    3.0749    0.1241    2.6528    2.8309    2.5449    2.4167    3.0562
    280000       4.466209
    290000         8.5818        -5.1895        13.7713
    290000         4.7034        14.0724
    290000    2.2947    2.6901    2.8744    2.8972    2.8459    2.3531    1.8485    2.8579    1.5424    3.0123    2.7126    0.8638    1.6453    0.4700    1.4172    1.5011    0.6884
    290000       4.627822
    300000         4.6865        -1.1849         5.8714
    300000         1.2350         2.8263
    300000    1.3886    2.0991    0.5651    2.9627    0.4050    1.9764    1.1926    0.2512    2.2281    0.2475    2.9293    0.2179    2.3703    0.9583    0.5525    0.6352    2.2491
    300000       4.791448
    310000         6.5517        -4.5875        11.1392
    310000         4.3367        11.1594
    310000    2.1209    1.5307    2.6712    3.0623    3.0879    0.9246    2.9647    1.0378    2.6330    1.6708    2.6672    0.8902    2.6937    3.0041    2.7770    2.7103    2.7961
    310000       4.965415
    320000         5.8175        -7.5363        13.3538
    320000         3.4512         9.4099
    320000    2.1864    2.8310    2.9131    2.9630    3.0598    1.7873    3.0789    0.4497    2.4069    1.0712    0.5727    1.0668    2.5422    2.2774    2.4026    2.2422    2.8124
    320000       5.145769
    330000         8.6914        -9.6219        18.3133
    330000         3.0414         6.4793
    330000    1.6107    2.4936    2.8783    3.0624    2.8540    2.4876    1.7432    0.6657    0.7684    2.3107    2.8746    2.2418    2.8271    0.5429    0.5341    1.6506    3.0911
    330000       5.332144
    340000         4.9999        -1.3891         6.3891
    340000         7.8783        24.2839
    340000    1.9394    2.9859    2.9117    3.0429    2.9840    3.1260    3.0552    2.4260    3.0687    2.2874    2.7034    2.4261    2.9823    1.4644    2.8419    2.5006    3.0372
    340000       5.474817
    350000         7.8482        -7.4692        15.3173
    350000         5.7172        14.7044
    350000    0.9646    3.0918    3.0431    3.1014    2.7192    2.2984    2.1661    1.8614    2.2953    0.3703    3.1394    2.2687    3.1036    2.2556    2.7961    3.0987    2.9710
    350000       5.642372
    360000         8.8900        -2.1454        11.0354
    360000         4.6187        11.6289
    360000    2.3183    2.4191    3.0436    3.1227    3.0111    2.0593    2.3869    2.3536    2.7020    2.6667    2.2552    1.7737    2.0999    1.9288    2.5988    2.1877    2.8416
    360000       5.817924
    370000        11.0475        -6.5485        17.5959
    370000         2.7671         2.6660
    370000    2.0367    2.4418    2.7048    2.8488    1.6899    0.9588    2.9536    2.3698    2.1806    1.5881    1.3836    1.4901    1.2640    0.3915    2.2870    0.5985    1.8839
    370000       5.986496
    380000         7.9149        -6.3190        14.2339
    380000         4.9644        13.1629
    380000    2.2844    2.5697    3.0874    2.9126    2.9041    3.0207    2.8573    1.9946    1.9764    0.0793    2.9925    2.5549    2.8076    3.0832    3.0372    3.0978    3.1267
    380000       6.166380
    390000        10.2842        -2.9529        13.2371
    390000         2.7123         4.8425
    390000    2.1789    2.4475    2.7832    0.2733    3.0573    2.4089    0.7071    0.6136    2.5790    0.3810    3.0774    0.1929    2.9341    0.7330    3.0568    0.3305    1.1378
    390000       6.320898
    400000         6.6436        -1.5668         8.2104
    400000         3.1284         9.1848
    400000    2.1572    2.1393    2.9902    2.8266    2.9004    1.0572    3.0409    0.7275    2.7697    1.1736    0.8567    0.3987    1.9523    2.3695    1.5839    2.5011    2.7908
    400000       6.467976
    410000         6.8032        -1.6057         8.4090
    410000         2.9845         7.7408
    410000    2.2920    2.2180    3.0572    3.0446    3.1211    2.4996    3.0250    1.1242    2.9357    0.4420    1.9354    2.6594    1.9562    1.9486    3.0720    2.1118    2.6529
    410000       6.610121
    420000         9.5139        -1.8876        11.4015
    420000         5.6005        18.7260
    420000    1.9868    1.7793    2.9043    3.0914    2.8529    2.4350    2.2241    2.1310    3.1291    1.0975    2.9537    1.2137    2.6684    1.8348    2.5356    2.1555    1.1097
    420000       6.773169
    430000         5.5870        -8.3435        13.9305
    430000         2.9102         5.5412
    430000    1.6376    2.6574    3.0811    3.0233    1.9504    0.4081    1.9833    2.2625    2.5132    0.7601    2.4697    0.2610    1.6992    0.6087    2.8320    2.5697    2.6956
    430000       6.949606
    440000        10.5369        -5.5080        16.0449
    440000         3.3427         8.1802
    440000    1.7491    2.6183    2.2490    0.0550    2.7142    3.1311    3.0657    2.5698    2.1982    2.9194    0.1631    2.7566    2.6472    2.1071    2.4773    2.2886    3.0685
    440000       7.131156
    450000        12.5670        -2.1383        14.7054
    450000         2.6815         8.4028
    450000    1.4201    0.6997    1.8680    1.8128    0.2808    2.1216    3.0802    2.9585    2.8006    1.0057    2.9226    1.1354    2.9692    1.9715    1.0387    2.2087    2.6970
    450000       7.290488
    460000        11.1703        -1.8449        13.0152
    460000         3.3344         8.5940
    460000    1.3351    3.0797    2.5400    3.0531    2.0307    2.4222    2.3998    1.7653    2.5445    1.1447    0.1863    0.2499    2.6607    2.3830    1.8936    2.4413    2.9439
    460000       7.439094
    470000         9.3860        -1.8473        11.2333
    470000         1.1822         2.6817
    470000    1.4925    1.8451    2.9896    2.7660    0.2129    1.2489    2.1027    0.1065    0.3060    0.9151    1.4092    0.4515    2.5027    1.4005    1.4259    1.4608    0.5863
    470000       7.578703
    480000         7.8239        -1.6409         9.4648
    480000         5.5283        18.8820
    480000    2.0387    1.8199    2.3167    3.0965    2.6394    1.9224    3.0878    0.0624    1.6829    1.3514    2.6280    2.4014    2.7409    1.5989    1.9930    2.0707    2.9322
    480000       7.721766
    490000         5.8356        -7.8993        13.7348
    490000         3.4767         7.8995
    490000    1.4952    3.0334    0.9459    2.7976    0.9843    2.7765    1.4732    0.7392    1.7837    1.1476    1.7419    0.5783    3.0356    0.2870    2.1934    2.3281    2.6651
    490000       7.876194
    500000         4.9999        -7.9556        12.9555
    500000         3.3640         7.4751
    500000    2.1532    2.8604    2.7994    3.0407    1.8580    1.5554    3.0907    0.8267    2.6029    1.7576    2.7844    2.7355    2.4852    0.7994    2.8301    2.4684    2.4034
    500000       8.058426
    510000         6.7523        -8.0388        14.7911
    510000         2.3629         4.4872
    510000    2.0766    2.7601    1.9573    3.0639    1.1480    2.0225    2.7609    0.6915    2.4739    2.5782    2.0669    0.3867    1.9435    1.1271    1.8688    2.1536    1.6465
    510000       8.242472
    520000        13.1235        -2.2739        15.3975
    520000         2.8032         7.3119
    520000    1.8152    2.8119    0.5784    2.8729    0.2530    0.5027    0.7248    2.1707    2.9736    0.6777    2.5565    1.7278    2.3050    2.5437    2.8159    1.3253    2.7258
    520000       8.408311
    530000         4.9998        -2.0607         7.0605
    530000         4.6231        11.1994
    530000    2.0926    1.8129    2.8641    3.0774    3.1181    2.1972    1.9420    0.9067    2.4898    2.7147    2.9890    1.9060    2.9664    0.3336    2.5163    2.4957    2.7293
    530000       8.563162
    540000         9.7113        -6.1526        15.8639
    540000         2.9744         5.2886
    540000    2.2674    3.0301    2.8684    2.6791    2.8797    1.0671    2.4976    1.6147    2.6832    1.2556    2.7561    2.6815    1.6980    1.1359    2.9904    2.5157    2.5452
    540000       8.724055
    550000         7.7596        -8.5977        16.3573
    550000         3.2349        10.9581
    550000    1.3436    2.4455    2.1257    0.0146    2.1358    1.2754    0.1091    0.2571    1.5581    1.0262    2.5833    2.9522    3.1274    3.1238    2.5838    1.4901    2.9645
    550000       8.910266
    560000         6.5014        -4.2998        10.8012
    560000         4.1663         8.7347
    560000    2.3459    2.5291    2.4721    2.7016    2.1486    0.7109    1.8901    2.9954    2.6741    1.2442    2.8486    1.3792    2.8814    1.3522    3.0094    1.9074    2.8280
    560000       9.068506
    570000        10.6952        -1.5617        12.2570
    570000         5.0924        17.3119
    570000    1.8534    2.2703    3.0786    3.1134    2.6410    2.8981    2.7934    3.0948    2.8417    0.2952    3.0286    0.2569    3.0375    2.8445    2.5050    2.7706    2.3515
    570000       9.213348
    580000         7.4761        -1.4963         8.9724
    580000         7.3132        23.5515
    580000    1.7228    2.1459    2.8820    3.0309    2.8389    2.5914    3.0236    2.6852    1.5443    2.2015    2.8550    3.0160    2.8108    0.3832    2.5466    1.0300    2.7626
    580000       9.374812
    590000         7.4914        -5.3400        12.8314
    590000         4.3730        14.0956
    590000    2.1178    2.1745    2.4107    2.8626    2.3862    2.5226    3.0741    2.5584    1.9849    2.6731    2.3559    2.5475    2.4115    0.5296    0.4416    1.6591    3.0899
    590000       9.523495
    600000         8.8870        -2.2164        11.1034
    600000         6.3653        19.5457
    600000    1.7279    2.6977    2.6870    2.9116    2.9148    2.4215    2.9585    2.9797    3.0344    2.6725    2.4841    1.0178    2.7367    0.1103    1.7571    0.1239    3.0155
    600000       9.680087
    610000        11.1835        -1.6881        12.8717
    610000         5.3322        18.9990
    610000    1.9482    1.8133    2.8444    3.0523    3.0047    2.2373    2.6706    1.5336    2.2951    1.3824    2.5681    1.5561    2.5827    2.4931    2.4650    2.7699    2.7469
    610000       9.822567
    620000        10.8881        -7.1726        18.0607
    620000         3.4545         4.7350
    620000    2.3167    2.3879    2.5394    2.5741    1.9712    0.5006    2.0503    1.8538    2.9600    2.8092    0.5109    3.1039    2.8546    1.1877    2.1550    2.7382    2.9204
    620000       9.982444
    630000         3.8845        -7.2292        11.1137
    630000         5.0585        12.1985
    630000    2.3561    2.5398    3.0203    3.0434    2.9279    2.5092    2.5312    1.0456    2.3592    2.3152    2.5379    2.4902    2.3168    2.6041    3.1130    2.2895    3.0209
    630000      10.163525
    640000         3.3725        -5.9319         9.3044
    640000         5.6375        14.6171
    640000    2.3197    2.4441    3.0552    3.0849    2.8412    2.8545    2.8889    2.7420    2.9566    0.1076    2.9845    2.7526    3.0730    2.7951    2.6960    2.6467    2.6241
    640000      10.342302
    650000         8.5765        -2.4031        10.9796
    650000         1.5828         1.1472
    650000    1.4216    1.8909    1.1946    2.8943    0.8685    0.9086    1.3963    0.7269    2.7570    0.1259    2.8371    0.2320    1.7886    1.5403    3.0362    2.3465    1.3367
    650000      10.516936
    660000         9.3367        -2.1096        11.4463
    660000         7.3356        22.6349
    660000    1.9551    2.9534    3.0742    2.9041    2.8606    2.6863    3.0470    1.3556    3.0803    1.4780    3.1167    2.9524    3.0981    2.9429    2.0982    2.9512    2.2312
    660000      10.659630
    670000         6.1668        -6.2814        12.4482
    670000         4.6888        13.2826
    670000    1.9881    2.0667    2.7458    3.0810    1.8737    0.3739    2.4497    0.9469    2.8492    0.9817    3.0111    1.6557    2.6006    1.5986    3.0183    1.3541    2.9230
    670000      10.811796
    680000         4.1320        -5.9126        10.0446
    680000         5.5738        13.7996
    680000    2.1115    2.0373    2.7048    3.0822    2.7129    1.9691    3.1068    1.2763    2.8688    0.4755    2.7950    2.8842    2.9981    2.9272    2.4193    2.9152    3.0063
    680000      10.993866
    690000         7.1367        -1.7524         8.8891
    690000         5.4966        18.1684
    690000    2.0320    2.9141    2.9777    2.8326    2.7734    2.8936    3.1311    1.8725    2.6107    0.4493    2.4735    2.5128    2.9650    0.7860    2.5093    1.5357    1.8745
    690000      11.153086
    700000         4.6668        -5.2774         9.9443
    700000         5.4070        13.1444
    700000    2.0541    1.9828    2.5892    3.0811    2.9226    2.7388    2.6865    2.3528    3.0728    1.0987    2.9324    3.1314    2.9407    3.1173    2.0911    2.6605    2.5827
    700000      11.321501
    710000        12.6951        -2.4776        15.1728
    710000         3.9587        10.5522
    710000    1.9253    2.2950    2.9712    3.0015    2.1409    2.4376    2.7561    1.4940    2.8887    2.8716    1.6518    1.9658    1.7725    2.2370    1.0119    0.6855    2.7338
    710000      11.484417
    720000         7.7652        -1.4875         9.2527
    720000         3.2039         9.1264
    720000    2.2759    2.2412    2.8873    2.9022    2.8065    2.3638    2.6921    1.4612    2.6393    1.5341    1.1510    1.4467    1.3745    2.6559    2.6271    1.0385    3.0535
    720000      11.628996
    730000         5.0418        -6.1218        11.1637
    730000         2.5308         8.1651
    730000    1.2052    2.6783    1.6334    3.1181    2.0226    2.8201    1.8239    0.0165    0.8506    0.4986    2.4593    1.1500    1.3964    1.9989    0.3211    0.9392    2.9508
    730000      11.787985
    740000         4.7483        -1.2634         6.0117
    740000         6.8047        20.7686
    740000    1.7388    2.7514    2.8946    2.8842    2.9542    2.8983    3.0757    3.1128    3.1310    2.6170    1.9455    2.2891    2.9318    1.2345    1.9934    2.1843    2.6636
    740000      11.948760
    750000         7.0551        -1.9113         8.9664
    750000         2.4141         7.5705
    750000    2.0046    1.9561    2.3829    3.0486    2.1725    2.2881    1.2021    0.3535    2.5591    0.4988    1.0407    2.9740    2.3373    0.3095    2.1878    0.2983    3.1133
    750000      12.089736
    760000         8.4053        -6.8899        15.2952
    760000         3.2154         6.8895
    760000    1.9864    1.8705    2.6996    2.9554    3.0089    0.5270    2.9292    1.8973    1.5917    0.2308    3.0382    0.9874    1.7998    2.7958    2.4246    0.7357    0.7536
    760000      12.258111
    770000        10.2490        -5.6357        15.8847
    770000         3.4446         1.3234
    770000    2.0677    3.1324    3.0560    3.1299    2.7705    0.2866    3.0407    2.0181    1.3391    2.4330    2.6465    2.2845    2.5844    0.7774    2.5327    2.9653    2.6084
    770000      12.428468
    780000         9.8013        -1.7861        11.5874
    780000         4.0228        11.0108
    780000    2.0858    2.5330    2.7757    2.8296    2.8254    2.2306    2.0220    2.3773    1.7263    0.1996    2.9897    2.1978    3.0794    0.3077    3.0033    1.7516    3.1158
    780000      12.598564
    790000         8.4010        -2.9496        11.3506
    790000         3.8933        11.4386
    790000    2.1377    1.8346    2.9838    2.6564    1.7886    2.2407    2.8533    0.0180    2.9669    0.9017    1.4749    2.1905    2.5643    0.9810    2.4539    3.0510    2.5267
    790000      12.771043
    800000        10.2179        -1.8617        12.0796
    800000         4.6215        10.8002
    800000    2.1732    1.9319    2.8701    2.8977    2.5941    0.2349    2.2254    1.4533    2.8128    0.4877    2.9530    1.8550    2.2817    2.4227    2.7315    2.9307    3.0050
    800000      12.912567
    810000         7.5503        -7.4553        15.0056
    810000         3.1137         9.0680
    810000    1.8943    2.9561    2.4484    3.0257    2.0538    1.9730    2.7271    0.7077    2.2046    0.2940    0.1528    2.0439    2.5459    2.1160    2.1640    1.5818    2.8029
    810000      13.066239
    820000         7.8231        -2.1460         9.9691
    820000         6.9574        23.5903
    820000    1.6540    2.4411    2.7831    2.8757    2.7365    2.7290    2.3411    1.6514    3.0734    2.4734    2.5376    1.9004    2.8878    2.2608    3.0274    2.3709    2.9207
    820000      13.225189
    830000        15.5051        -2.5985        18.1036
    830000         2.7954         2.6556
    830000    2.0019    3.0945    2.9019    0.0487    0.1729    2.4656    0.6743    3.1205    2.1661    2.7546    2.4027    0.1939    2.6379    2.5993    2.5640    2.4785    2.7488
    830000      13.366493
    840000        12.3444        -2.0440        14.3883
    840000         4.4182        12.0769
    840000    1.9524    2.1269    2.9151    3.0329    2.9907    2.5779    2.0379    1.5186    2.2022    3.1228    3.0399    1.7663    3.0212    0.2499    1.9482    2.1169    2.9310
    840000      13.518255
    850000         8.8723        -2.1098        10.9821
    850000         3.9606        11.7230
    850000    2.2272    2.2731    2.9584    3.0411    2.7761    2.8656    0.9802    1.5735    2.6701    0.8987    2.6044    0.4619    1.8956    0.9939    2.6365    2.6616    3.1139
    850000      13.662336
    860000         9.3754        -3.7391        13.1144
    860000         5.6919        15.3995
    860000    1.5361    2.4778    2.7439    2.9086    2.7411    2.9599    2.6770    1.6019    3.0857    0.5974    3.1012    2.9822    1.5153    0.0328    3.1311    2.1154    3.1197
    860000      13.811002
    870000         7.6736        -1.6966         9.3703
    870000         5.3459        16.0321
    870000    1.9433    3.1387    2.3330    3.1358    2.7435    1.9259    3.0570    3.0683    3.0363    0.5338    1.7786    1.5849    2.7236    1.8032    3.1210    2.4340    3.0494
    870000      13.973976
    880000        11.6823        -4.9194        16.6017
    880000         3.0597         8.6886
    880000    1.4641    2.4414    2.8370    3.0321    3.0032    2.1069    2.7406    1.7556    2.4161    1.0073    2.0529    0.6105    0.6213    1.1190    2.8414    2.8177    2.5542
    880000      14.130067
    890000         8.2084        -2.4828        10.6912
    890000         3.6024         8.5879
    890000    2.2692    2.2588    3.0902    2.6037    1.4236    1.9074    1.7580    2.4991    3.1010    1.7967    2.9852    0.0986    2.9794    2.4765    2.8860    2.9042    2.6853
    890000      14.282976
    900000        12.9303        -4.2659        17.1962
    900000         4.0266         9.1677
    900000    1.4682    1.8508    0.1100    2.3845    1.4631    3.1389    2.5049    2.4228    2.8288    2.7804    2.8099    0.1138    2.8434    2.5257    2.2217    2.6124    3.0198
    900000      14.467663
    910000         9.9438        -1.9094        11.8531
    910000         4.9883        15.6461
    910000    2.2520    2.0374    3.0381    0.9483    3.0041    2.3240    2.9507    0.0270    2.3478    0.5922    2.2062    2.6642    2.9010    0.0293    2.5655    2.9869    2.8661
    910000      14.612748
    920000        13.8185        -3.9278        17.7462
    920000         3.1292         5.1752
    920000    1.6863    3.0880    2.4508    0.1226    2.0789    1.9624    2.6758    0.4426    2.5831    1.3706    1.8263    1.0044    2.9600    1.3293    2.9400    3.0901    2.4166
    920000      14.760271
    930000         6.7115        -7.8371        14.5486
    930000         3.2926         7.8275
    930000    1.8263    2.8775    2.5237    2.9924    1.8816    1.8808    2.7202    0.6299    2.7897    0.3275    1.2382    2.5993    3.0231    2.3410    2.3472    2.7225    3.0938
    930000      14.909968
    940000         5.4615        -8.6461        14.1076
    940000         2.9748         6.0932
    940000    1.3587    2.2334    2.6007    2.9965    2.8928    2.6700    1.6136    0.4227    2.9374    1.6860    2.7143    2.1752    1.3187    2.7991    2.0563    0.4593    2.0959
    940000      15.094066
    950000        10.0361        -2.4410        12.4771
    950000         3.7969         9.9498
    950000    2.0159    1.7160    2.8380    3.1199    2.4108    1.8189    1.3009    0.6662    2.8052    0.0431    2.7697    1.7819    2.3784    1.5057    0.3385    1.1579    2.8776
    950000      15.261120
    960000        11.4215        -2.2203        13.6418
    960000         4.6350        13.0108
    960000    1.9029    2.5689    2.9371    3.0996    2.7441    1.8826    3.0411    1.4158    1.5441    0.4246    3.1077    1.0836    2.2823    0.0833    2.2742    2.0379    2.9678
    960000      15.410603
    970000         6.7543        -6.4419        13.1963
    970000         4.2548        11.1549
    970000    1.5470    2.3934    2.8454    3.1010    2.2262    1.9294    3.1055    1.3913    2.7157    0.1954    2.6615    1.8897    2.7538    2.6135    2.9089    2.2546    2.6542
    970000      15.586788
    980000         4.2581        -7.9459        12.2040
    980000         2.7966         8.2867
    980000    2.0271    1.9780    2.8724    2.9317    1.6324    1.4429    2.9239    0.9200    3.0034    0.2107    1.5952    0.7070    2.6643    0.3563    2.6562    0.1102    1.5684
    980000      15.769656
    990000         4.3161        -8.6120        12.9282
    990000         3.1217         8.0397
    990000    1.6702    2.4453    3.0170    3.0312    1.9860    1.4880    3.0361    2.0769    2.2822    0.2846    2.9951    1.3999    3.1095    1.7711    0.1412    1.4016    1.7429
    990000      15.955591
   1000000        10.2092        -7.6918        17.9010
   1000000         2.7418         7.9556
   1000000    2.1093    2.6889    2.9096    3.0475    2.7637    0.8192    0.6696    1.2489    2.2977    2.8216    0.0016    1.8674    2.9422    1.6855    1.6996    2.0263    0.1324
   1000000      16.136750
