# Step Wall_Time_s
         1        -0.4899        -2.4271         1.9372
         1        19.9605        68.5894
         1    1.2962    1.4985    2.1872    1.8295    2.6157    1.3357    2.2667    1.4683    2.5515    1.4316    2.2005    1.7952    2.2578    1.6778    2.1595    1.7855    2.3231    1.7060    2.1625    1.9050    2.2369    1.7845    2.1401    1.8312    2.2391    1.7924    2.1987    1.8167    2.2863    1.7720    2.2177    1.8023    2.3050    1.7699    2.2877    1.5536    2.5093    1.4645    2.5334    1.3268    2.4637    1.6346    2.4446    1.5838    2.3696    1.8989    2.3928
         1       0.001373
     10000        29.7439        -9.8954        39.6393
     10000         8.6081        30.1717
     10000    1.6670    2.3526    1.2291    2.7345    1.3938    1.5816    0.0104    0.7542    0.6525    2.2790    2.8170    1.6372    1.3253    2.5726    0.7587    2.4708    0.3827    0.1686    0.3919    2.0557    3.0887    1.8194    1.8370    0.4437    3.1094    2.3456    0.2332    0.2434    0.4542    0.9096    2.4850    0.9978    1.2338    1.5473    0.9320    0.4853    1.6477    1.0328    2.1722    1.7726    2.7392    1.5888    1.0770    1.3239    1.2229    1.9383    0.9548
     10000       0.708583
     20000        15.6625       -27.9466        43.6091
     20000         4.7997         3.0064
     20000    1.5949    0.9062    0.9706    1.0687    1.7524    2.2323    0.3807    1.7214    2.6426    1.1524    2.5773    1.3167    2.9958    1.1092    1.3710    2.1293    1.8204    1.7374    2.8425    2.9561    1.7243    1.5544    2.0116    0.8279    2.6220    1.9317    1.8902    0.3072    1.2362    2.2368    1.7744    1.7832    2.4416    0.1222    1.6695    1.7842    1.1196    2.5530    2.5688    0.9083    1.6851    0.9662    3.0296    0.0606    1.8179    1.3240    2.3146
     20000       1.548070
     30000         9.8662       -28.4426        38.3089
     30000         4.7566        11.7360
     30000    2.0765    0.5977    2.2013    1.1175    2.2835    0.6480    1.2042    0.9567    1.0064    0.4645    1.6793    0.4923    0.8000    0.7344    1.2560    0.5991    0.9071    0.9398    1.2139    2.7641    2.4415    2.5308    1.6136    0.9087    2.8475    3.1225    0.7978    0.4018    2.5766    0.1128    2.4802    0.0988    2.2406    1.4833    3.0432    0.5554    1.7192    1.8426    1.5642    0.9877    2.8130    1.9321    2.8496    0.4243    1.0602    1.0853    0.4887
     30000       2.449513
     40000         3.8123       -29.4640        33.2763
     40000         4.8753        11.3420
     40000    1.7172    2.6477    2.9455    1.1630    3.0025    0.0582    1.1236    0.4449    0.0612    0.3157    0.9900    0.3691    0.6904    0.2427    0.6201    1.9195    2.6621    0.4726    2.5149    2.6593    2.1314    2.5920    2.0285    1.2927    1.3592    2.6359    0.1562    0.0976    2.8404    1.0584    1.7797    0.4534    1.9777    1.4761    2.8580    0.1046    1.3864    0.3646    3.1277    0.1736    3.0870    0.1672    2.8875    0.3209    2.9043    0.5999    2.7260
     40000       3.332449
     50000         3.1442       -25.7360        28.8803
     50000         5.0821        12.5696
     50000    1.7600    2.2640    2.7597    1.6055    2.5242    1.0738    0.3003    0.8735    0.2018    0.7257    0.8095    0.0083    0.8193    0.3017    0.1281    2.5557    2.6226    0.6579    2.6682    2.6191    2.3010    2.7673    2.4112    1.5938    1.4286    2.9114    0.0111    0.3000    2.8325    1.1186    1.4898    0.4731    1.9568    1.5253    2.7465    0.0092    1.7319    0.9129    3.0796    0.6056    2.9802    0.4609    3.0343    0.5731    3.0769    0.6583    2.9362
     50000       4.239830
     60000         6.6731       -27.2706        33.9437
     60000         6.5088         8.9578
     60000    1.5098    1.9829    1.4918    0.6558    1.3331    1.0750    1.0005    2.9349    2.6368    2.6311    3.0831    1.9923    1.6414    0.6633    2.1780    0.1120    2.6545    0.8252    1.2793    0.8704    1.9579    2.0456    1.1501    0.1071    2.4052    0.7488    2.2835    2.8906    1.8905    2.9415    2.2885    0.7445    2.8949    1.0407    2.0783    3.0934    1.6092    2.1242    2.2614    1.4954    2.5630    1.1436    2.4835    2.4248    2.7598    0.1074    2.9395
     60000       5.152026
     70000        11.6331       -25.2873        36.9204
     70000         4.1933         5.4925
     70000    1.4749    1.0889    1.6283    1.8805    2.4519    0.9361    2.6554    0.3248    1.6965    1.1956    1.4261    1.0175    1.7970    1.7554    0.6182    0.6584    1.4262    0.2450    0.1415    0.8177    1.3998    3.0863    2.5800    1.3120    2.6332    3.1363    2.5976    0.3615    2.1694    1.3109    2.9248    1.1135    0.6079    0.1721    0.0331    0.1409    0.9976    0.1667    1.3444    2.3787    2.9341    0.5726    2.9926    0.2386    3.1030    0.7873    3.0347
     70000       6.054332
     80000         9.3013       -21.6362        30.9375
     80000         6.4684        17.7275
     80000    1.9675    1.1894    2.3435    3.0383    1.8977    2.1233    1.7241    2.8770    2.8844    1.8290    3.0125    2.9124    2.5427    0.9026    2.5472    1.2538    0.1862    0.8059    2.0803    2.0948    2.5178    1.1597    0.9123    0.2668    1.3804    0.0309    1.1013    1.2139    3.1238    1.1841    3.1134    0.8181    3.0178    1.5609    1.6705    1.2787    0.4698    2.6371    0.6829    0.2371    2.7915    0.4299    2.6765    2.9638    2.8086    0.1220    2.8073
     80000       6.951207
     90000        11.4225       -24.0263        35.4489
     90000         6.4992        19.3906
     90000    2.0807    0.7650    2.9526    1.3012    2.5767    0.8961    2.8440    1.9709    3.0178    1.3895    3.1110    1.4261    2.8102    0.7769    1.5046    0.1361    1.6488    0.1138    1.5114    1.9384    2.4302    2.7124    1.3372    1.2249    2.3840    0.6774    2.0530    2.1626    2.8759    1.7217    3.0519    1.1084    2.8322    0.9177    0.9625    1.5755    0.6177    0.6560    1.9741    2.2929    2.9383    1.8082    2.7177    3.1123    2.7875    2.9801    1.8907
     90000       7.847290
    100000        13.7903       -24.6403        38.4306
    100000         6.2749        14.9488
    100000    2.1610    0.6558    2.0707    0.2860    3.0267    0.8431    1.4067    3.0663    0.2667    2.8621    2.9311    2.1917    2.3774    1.8282    2.9557    0.7628    2.2971    2.1555    1.9668    2.5682    2.8149    2.6751    2.1835    2.4990    2.6701    0.9497    2.4170    1.8550    1.8086    2.9309    1.5523    1.4231    2.6989    0.3888    1.6348    3.0032    2.0423    2.3160    2.6834    2.8294    2.8489    1.9170    2.1634    2.4626    2.9960    2.6026    1.1276
    100000       8.741751
    110000         9.0013       -27.2056        36.2069
    110000         5.8602        13.6415
    110000    1.7990    2.5141    2.6229    1.0416    3.1263    0.8037    0.9069    2.5309    2.5472    1.4655    2.3572    0.4018    0.8289    1.5213    0.5763    2.0092    3.0570    2.1491    2.1670    3.0575    2.0130    2.6311    1.8968    3.0762    1.0469    2.7482    0.1247    0.2327    2.8516    1.4821    1.5918    0.0823    2.0198    1.8243    3.0614    0.2503    2.9135    3.0611    3.1038    1.8727    2.0789    1.7275    2.5678    2.6701    2.5477    2.0004    2.3026
    110000       9.661335
    120000         7.4138       -28.9413        36.3551
    120000         4.9286        11.9604
    120000    2.1652    0.8699    2.9233    0.5253    2.9084    0.7061    1.0106    2.5352    2.7379    2.3278    2.2888    0.2460    0.5601    2.8612    1.2173    2.9108    2.7097    3.1351    2.4464    3.0465    1.3769    1.5404    2.5300    2.7968    0.5423    1.7855    2.3690    0.9367    2.4661    2.3311    2.1321    1.2292    1.9815    1.1423    2.6842    0.7273    1.7087    1.1645    1.2387    1.5884    2.9131    1.6655    1.9256    2.3255    2.8039    1.9915    0.6468
    120000      10.573943
    130000        12.4874       -25.0310        37.5184
    130000         7.0269        18.8322
    130000    1.9963    1.0839    2.5402    2.2935    2.1333    1.5395    1.9539    2.6606    3.0252    1.9213    3.1327    2.9192    2.8788    0.8955    2.5965    0.1680    1.5527    1.5186    2.0651    1.4337    2.9554    1.6601    1.6856    1.0057    2.4985    0.6672    2.0691    2.6928    2.0483    2.3828    2.5911    1.4438    2.6621    0.6011    1.7193    2.2428    2.2603    2.5758    2.9442    2.4786    2.8356    0.1744    2.9578    2.9206    2.4871    0.1090    3.0451
    130000      11.482178
    140000         6.7653       -26.6365        33.4018
    140000         5.8111        12.6880
    140000    2.1862    0.9033    2.4276    0.5559    3.0746    0.7440    1.7379    2.4973    0.7942    2.0524    2.9953    1.2984    2.9741    2.5726    1.5598    2.7458    1.8752    2.7438    2.0012    2.9797    2.0832    1.9625    1.9299    2.4052    0.2286    3.1128    2.6974    1.0622    1.5161    2.2271    1.3029    2.6060    1.6903    0.0545    1.0485    1.6763    2.1268    2.5809    2.9643    2.5736    2.9049    3.0253    1.9779    2.3430    3.1369    2.1479    0.6272
    140000      12.372464
    150000         8.6450       -27.3488        35.9938
    150000         6.3069        18.8107
    150000    1.8312    2.0279    1.9003    1.8919    2.1775    1.1615    1.3075    0.3140    2.7484    0.8243    3.0163    1.9506    0.2825    2.5413    2.2686    1.7239    1.7799    1.2023    2.4197    2.4863    2.4318    2.2389    1.6502    1.4949    1.4175    0.0679    1.0127    0.8569    2.8676    1.3399    2.2308    0.0659    2.3743    2.4687    2.5600    0.3214    1.3535    2.8096    2.8899    0.9315    2.9855    0.6368    3.1143    2.0144    2.3776    1.6622    2.9740
    150000      13.269825
    160000         9.7435       -25.0047        34.7482
    160000         7.2653        20.5111
    160000    1.8625    1.9090    1.9648    3.0245    1.9446    2.5518    1.5613    3.0120    2.9808    2.4389    3.0694    2.9468    2.9986    0.8753    2.2205    0.3104    1.5299    0.2884    1.7263    1.9292    2.4319    1.7191    1.9761    1.2656    2.4061    0.8028    2.0900    2.2374    2.6128    2.1030    3.1167    1.3748    2.5506    1.4276    1.5856    1.6924    2.6864    2.9938    2.5332    1.5175    3.0814    1.0796    3.0795    2.2580    2.3711    1.8660    2.5397
    160000      14.158861
    170000         4.7453       -29.5646        34.3099
    170000         6.4239        11.7267
    170000    2.0377    0.7715    2.8929    2.1749    2.8344    2.2033    3.0451    2.2154    3.0599    2.2233    2.7664    0.1916    2.9684    1.6119    2.0173    0.4370    1.5965    0.3633    3.0965    1.6149    0.4152    2.7021    1.7629    1.6061    0.7604    2.3636    3.1308    1.8689    2.8346    2.3740    3.0145    1.1939    2.9535    2.7200    2.5932    2.9407    2.1980    2.5738    2.4321    2.8707    2.5113    0.1377    2.4843    0.5402    3.1115    0.8085    2.6501
    170000      15.059855
    180000         3.8124       -29.2479        33.0603
    180000         6.2168        10.7229
    180000    2.0428    0.7202    2.9295    2.1516    2.6047    2.5370    2.9746    2.2726    2.8622    1.6234    2.8684    0.5706    2.6994    1.4902    1.9304    1.9439    0.1312    0.2134    2.0335    2.4966    0.9374    2.9216    1.6168    1.4654    1.2226    2.2516    2.8867    3.1078    2.3923    2.1549    2.8659    2.6192    3.0528    1.2042    2.5170    3.1360    2.1187    2.7716    2.4455    2.8948    2.5550    0.4208    2.7859    0.7829    3.1360    1.1257    2.6158
    180000      15.978052
    190000         8.2294       -27.6264        35.8557
    190000         4.3672         8.9496
    190000    2.1395    0.8866    2.8358    0.6326    2.0257    0.5573    2.7287    0.3486    2.6716    0.5993    2.8472    1.7926    1.5485    0.5640    2.6378    0.4251    1.9043    0.4099    1.4531    2.8455    1.8723    2.6449    2.3162    0.6184    0.4471    1.3581    0.2901    0.9362    2.6673    1.7918    1.5232    1.6590    0.5640    0.7309    2.0613    0.5748    1.0227    2.5517    1.1919    2.7918    2.6720    0.5046    2.7316    1.2313    0.0868    0.2706    3.1111
    190000      16.903275
    200000         9.6252       -29.2597        38.8848
    200000         4.8259         3.6454
    200000    2.0359    0.7415    2.6970    1.0619    2.1869    1.0462    2.6256    1.8722    3.0104    1.8959    2.8288    1.1552    2.7232    1.6985    2.9025    1.1588    3.0671    0.8448    1.8920    2.2005    0.5842    2.5384    2.2251    2.2493    2.0215    1.9256    2.4233    1.6616    2.5313    2.2789    1.2713    1.2996    0.2008    0.7852    0.3765    2.4463    2.1160    2.9239    2.5240    2.0491    1.9198    2.2069    2.4927    1.6821    2.7059    1.2157    2.6903
    200000      17.851118
    210000         9.0240       -30.6123        39.6363
    210000         5.5641        12.0449
    210000    1.8413    2.6858    2.8832    1.9627    2.9105    2.2544    1.4043    2.6527    1.6561    1.9260    2.7211    0.1962    1.8908    0.7439    2.0534    1.6267    1.4772    0.1867    2.5960    2.1507    2.4208    2.5939    2.8786    0.1443    3.0098    3.1094    0.0975    0.1059    3.0745    1.7419    1.8871    2.8647    2.6837    1.2270    2.8868    1.0533    0.5619    2.6925    1.4815    0.1091    2.8336    1.7120    3.0671    2.2672    1.2831    0.9704    2.7740
    210000      18.801796
    220000         4.8623       -29.4233        34.2856
    220000         5.1598        10.0399
    220000    1.9351    1.4424    2.8810    2.8323    2.9016    2.2348    1.4412    2.8317    1.7703    1.4211    2.6361    0.6305    2.1464    1.7863    0.1281    1.3021    0.5705    0.0633    1.1917    3.1004    1.6526    2.7475    2.5324    0.9419    2.0621    2.8816    0.5222    0.4262    2.2750    2.1299    2.1809    3.0784    3.0380    1.3183    3.0994    0.8668    0.7848    2.6690    1.4504    2.3963    1.4600    2.1486    2.9745    0.0072    2.8592    2.2788    2.2832
    220000      19.730010
    230000        11.9287       -28.5044        40.4331
    230000         4.6851         8.9801
    230000    2.1411    1.2244    3.1111    1.0963    2.2074    0.3990    1.9069    2.3919    2.0335    2.2926    0.0278    1.3540    2.7934    0.2638    1.4031    0.0230    3.0279    1.8420    3.0492    2.9200    2.7840    2.8553    2.5879    3.0387    0.4021    2.9605    0.9618    0.1376    1.9664    1.6816    1.3942    1.3336    2.6918    0.8670    2.2195    0.4891    2.6697    3.1275    2.3703    1.2929    2.8502    0.3799    3.0124    2.1408    2.4302    2.7383    2.7016
    230000      20.681767
    240000        13.8889       -24.6951        38.5840
    240000         3.9376         8.2457
    240000    2.1326    0.7067    2.1671    0.9765    2.4849    0.5246    2.2705    2.6287    2.3245    0.2696    2.8020    0.1966    2.1394    2.4730    2.8744    1.6030    2.9808    2.8648    2.7499    2.4138    0.6398    0.2295    0.4492    0.3655    1.7367    1.7000    0.2643    0.1775    2.9415    2.4132    2.9646    0.0031    2.9950    2.4546    0.0943    0.6961    1.3113    1.2285    0.4422    2.0597    2.9746    0.2630    2.3929    2.9954    2.7317    0.5878    2.6315
    240000      21.630467
    250000        13.9000       -26.1740        40.0739
    250000         6.2552        16.2429
    250000    1.4855    2.2043    1.2981    1.4885    1.9782    0.2604    2.7924    2.6848    3.0257    1.9183    2.9962    2.4404    2.8602    2.2474    0.8959    0.9137    2.5206    0.9622    1.2188    3.1087    2.5098    2.4262    2.7487    2.6791    2.2685    1.2192    2.2064    2.9199    1.7933    2.8013    2.3002    2.1746    0.4651    0.3189    0.9656    2.3865    1.0662    3.0781    1.1598    0.2097    3.0328    0.0265    0.8910    2.3134    2.7526    0.8213    1.8482
    250000      22.572027
    260000         9.9616       -31.8258        41.7874
    260000         4.8456         2.5249
    260000    2.1502    0.6308    2.4385    0.4139    3.0054    0.6848    1.1832    2.4361    2.8888    1.6038    3.1167    0.2082    2.3217    2.4361    2.7064    1.9079    2.8942    1.3004    2.9870    2.9932    3.1254    1.7444    2.1692    2.7154    0.1610    0.7870    2.0698    1.5268    2.3193    2.8358    2.1741    1.1542    2.9053    0.2781    2.9416    0.8537    1.7525    2.8145    3.1326    3.0705    2.9863    0.4750    3.1104    1.8156    2.8801    0.9268    1.4990
    260000      23.519880
    270000         9.5472       -31.1922        40.7394
    270000         5.8126        18.5005
    270000    1.7336    2.6518    2.0731    1.3285    2.4272    2.6803    1.2292    2.6254    2.7763    2.6549    3.1234    1.5464    1.6712    2.4087    1.7162    0.2347    0.7402    1.9417    0.3184    1.9778    0.9625    1.9419    2.0573    0.1485    2.8910    1.9228    0.1617    0.7059    3.0711    1.8518    1.0821    2.0266    1.0447    0.7313    1.3078    0.7578    0.2074    3.0365    0.9338    1.1804    2.8156    0.0381    3.1415    2.6237    0.3761    0.3387    2.7277
    270000      24.469108
    280000         7.0144       -33.1480        40.1623
    280000         4.9937         9.8238
    280000    2.0609    0.6475    2.5646    2.0258    2.4417    0.0838    3.0069    2.3082    3.0719    1.4618    2.7878    0.6247    0.0998    2.0905    1.3752    1.2154    2.0330    0.8673    0.5268    2.2862    0.8050    2.8864    1.1385    1.0319    1.4484    2.9398    2.9188    0.9636    2.6738    2.3731    2.7266    1.5121    3.1050    1.4103    3.1227    2.1534    3.0414    3.0310    2.5716    2.9386    2.9655    0.5992    2.5311    1.2306    1.6144    0.7276    2.0086
    280000      25.414953
    290000        10.6564       -30.6672        41.3236
    290000         4.3454        10.1062
    290000    2.1041    1.0030    1.9766    1.5321    2.4691    1.2001    1.3274    0.3632    1.7718    1.9684    0.1654    1.3582    2.0345    0.0177    0.8204    1.5551    3.0841    1.4741    3.1199    2.9434    2.9613    2.5003    2.3389    2.1424    0.6464    2.9249    0.1384    0.0729    2.5127    1.8268    1.6792    1.5979    2.4322    1.0785    2.1155    1.1864    2.8439    2.5320    2.3633    0.0352    1.5020    1.2070    2.0041    2.4995    2.9204    1.3150    2.7908
    290000      26.370194
    300000         6.6132       -31.9124        38.5256
    300000         4.6756         2.3899
    300000    1.8317    1.6353    1.6211    2.0779    3.0533    0.6150    0.3135    0.3811    2.1994    1.5823    3.0181    0.8123    1.1081    0.4586    1.3337    2.1367    3.0060    0.6922    3.0547    2.8000    3.0032    2.9094    3.0801    2.1158    1.5653    2.5031    0.1730    0.3841    2.8601    1.8841    1.3759    2.5003    2.8845    0.3409    2.9425    0.9467    2.1217    2.6094    2.8148    2.1868    2.5177    0.0504    2.5712    2.6333    2.7765    2.7900    2.0055
    300000      27.317220
    310000         7.5262       -32.8648        40.3910
    310000         5.1088         6.5979
    310000    1.9261    0.9706    2.7624    2.4000    0.5020    0.9115    1.6126    2.1242    1.6770    0.7407    2.3048    0.4307    2.1780    1.0837    1.6036    0.3879    0.8329    0.4298    2.8563    2.3399    2.9712    2.8091    2.3677    1.5204    2.7753    1.0759    2.8967    0.6004    1.0377    1.2346    1.7088    2.0796    1.4128    1.6309    1.3721    2.1631    0.1953    3.0789    0.9544    2.9228    2.4756    0.1361    3.0646    1.8138    2.5561    1.0668    3.0008
    310000      28.258615
    320000         6.9240       -33.6183        40.5424
    320000         4.5603         8.7609
    320000    1.8227    1.9679    2.6948    1.9634    1.2579    0.8659    2.3526    1.1022    1.8654    2.1794    2.1391    0.6250    2.5731    0.1510    0.5073    1.1778    2.6635    1.2464    2.4496    2.7004    2.9321    2.7265    2.4926    2.4265    2.6826    1.7360    0.8832    0.4638    0.9403    0.7795    1.2088    1.0316    2.0055    1.4460    1.3608    0.1785    2.4971    2.8495    2.4521    1.4344    2.8095    1.8418    1.5568    3.1343    2.1842    2.4233    1.5794
    320000      29.218407
    330000         8.9524       -33.3016        42.2540
    330000         5.5116        13.7628
    330000    1.3738    1.6742    1.3467    2.1049    1.2377    2.3012    1.9216    0.7630    3.0552    1.0213    3.1202    2.5989    2.6776    2.2993    1.1908    1.4715    1.7654    0.9265    2.7985    1.5997    1.4178    1.7360    2.1036    1.1896    2.9898    2.2071    1.4331    2.3747    1.0847    2.8692    1.7412    1.3580    1.5578    0.9026    1.4047    2.7537    0.5591    2.7929    1.7660    2.5477    1.9026    1.7535    2.4870    3.1136    1.0514    0.1405    3.1186
    330000      30.175998
    340000         2.6826       -33.4821        36.1648
    340000         4.7168         6.3483
    340000    2.0051    0.6384    2.8989    2.6178    2.2129    2.3567    1.7220    2.8287    1.9798    1.7588    0.6565    0.3232    1.6883    2.0219    1.8345    1.8312    1.2751    0.1560    1.0424    2.9749    1.6110    2.7801    2.2249    1.3302    1.6400    2.4840    2.6849    0.4296    1.6364    1.9272    1.1749    3.0985    3.0395    1.5641    2.8944    2.9040    0.8891    2.6845    0.5804    1.9820    2.7480    1.4601    2.6655    1.1426    2.9833    1.4981    3.1032
    340000      31.125634
    350000         4.6971       -36.2012        40.8983
    350000         5.0262         7.0117
    350000    2.0587    0.6976    2.9006    2.4564    2.8009    2.7535    2.3813    2.3425    2.5761    1.6723    2.2493    1.4523    0.4256    1.9184    1.8435    1.9515    1.9057    0.2206    1.1365    1.9906    0.8270    2.7332    1.8854    1.3821    1.2110    2.4215    3.0298    1.1714    1.8197    1.3763    1.3558    2.7172    2.9120    1.2425    2.8878    2.7193    2.4270    2.5601    2.9097    2.7988    3.1348    0.1512    0.9693    1.2631    2.6592    1.7500    0.6579
    350000      32.088749
    360000         9.0789       -27.1466        36.2255
    360000         5.3635         5.4909
    360000    1.2570    1.0780    1.1882    1.0000    2.9251    0.7921    1.7945    0.2466    2.0492    0.9709    2.6833    2.2309    0.7453    1.2130    1.6423    0.8661    2.9025    0.2355    2.3366    1.9478    2.5489    2.9177    2.3545    1.7322    2.4396    1.8413    2.4957    3.0957    3.0139    2.4016    2.0570    1.8945    0.3457    1.0802    1.4735    2.8993    0.3987    2.7430    0.3323    1.6595    2.3967    0.4708    0.8198    2.9957    2.3160    0.4975    1.9676
    360000      33.041299
    370000         2.9400       -32.2380        35.1780
    370000         6.1009        11.3592
    370000    1.8633    2.1338    2.7436    2.4255    3.1143    2.5306    1.3656    2.3865    1.7391    1.7577    2.0723    0.8025    2.4495    0.7948    1.3150    0.9156    2.7948    0.6668    3.1313    2.6555    2.9900    2.9135    2.5500    2.0790    1.2188    2.8931    0.7588    0.2115    1.7955    1.4597    1.5923    0.7381    2.8722    1.2770    2.4137    2.3649    1.5534    3.0599    1.8688    0.3401    2.7321    2.8593    2.9373    2.9561    2.7543    3.0044    2.0346
    370000      33.965021
    380000         1.7065       -27.8670        29.5734
    380000         5.0665         3.4200
    380000    2.1142    1.4610    2.7620    0.6317    2.8566    1.3340    2.0172    2.0587    2.5778    2.8251    2.1606    1.6024    2.1248    0.4418    0.9889    0.6369    2.3693    0.9261    2.7301    2.6640    3.1303    2.7106    3.0596    1.6251    0.6210    1.9292    0.1776    0.4922    2.9080    2.0203    1.5052    1.9026    3.0138    0.8050    3.1231    0.1996    2.1137    2.8586    2.9002    1.6108    3.0784    2.7603    2.3944    2.6394    3.0494    2.5142    1.4559
    380000      34.900539
    390000         1.1831       -33.3956        34.5786
    390000         3.8148        11.5125
    390000    1.1781    2.5641    0.8426    3.1114    0.1271    2.5874    0.5056    0.0491    2.9955    1.2228    3.0150    1.6914    0.7072    2.0801    1.1828    2.0921    0.7513    0.0585    0.4714    2.1218    0.3377    2.5714    1.0980    0.4357    2.8794    1.8796    0.5460    0.7280    2.6532    1.9650    1.3566    2.9668    1.2762    1.1415    0.8342    0.2265    0.9836    3.1388    3.0442    0.7347    2.9721    1.9404    2.4937    2.6584    2.9489    0.5407    2.6378
    390000      35.842392
    400000         4.8820       -34.6774        39.5594
    400000         4.5755         1.9933
    400000    1.4912    2.6799    2.5631    0.7389    2.3644    0.0272    2.9746    0.7070    3.1398    2.6884    1.5627    0.6920    1.0930    0.8569    1.0043    0.7399    2.2756    0.5430    2.3387    2.6763    2.6035    2.8979    2.8736    1.7356    0.0920    1.5001    0.1864    0.5218    2.7142    1.9282    1.4434    2.1923    2.6464    1.3578    3.0441    0.1454    1.9455    2.9825    3.1080    1.4260    3.0568    2.8946    2.8779    3.0507    2.9087    2.3244    2.1805
    400000      36.800066
    410000         2.7988       -33.8259        36.6247
    410000         4.8126         3.6395
    410000    1.0903    1.8465    2.6058    0.7258    2.4558    0.8760    2.0974    2.0294    2.6847    2.7128    2.1616    1.0905    1.7579    0.7383    1.0319    0.5002    2.1235    0.5929    2.0181    3.0946    1.9206    2.8887    2.9580    2.1362    0.1246    1.4426    0.2227    0.8187    2.5572    2.0536    1.3916    2.1520    2.8332    0.8463    2.9055    0.5435    1.6992    2.4423    2.9223    2.5554    3.0382    2.7321    2.3482    2.4202    3.1258    1.7803    1.1786
    410000      37.769722
    420000         9.5373       -26.8106        36.3479
    420000         4.3023         0.9487
    420000    2.1058    0.8522    2.9468    0.1798    1.6200    0.4097    3.0294    0.1653    2.7584    1.4607    2.3316    0.6357    0.8127    0.4162    1.1111    1.2813    2.8943    0.2732    1.8191    2.5905    2.9723    2.7249    1.2302    0.1037    0.4748    0.3135    1.2110    0.9852    2.7504    1.9752    1.5427    2.8870    1.6304    1.7236    2.8049    0.6316    1.9841    2.8392    3.1091    2.3558    2.9579    2.9644    2.7427    2.4232    3.0680    2.0000    1.7337
    420000      38.720640
    430000         7.8216       -31.4559        39.2775
    430000         4.8739         2.7693
    430000    1.5786    2.5814    2.6999    0.6790    2.0143    0.3950    1.9880    0.5407    2.7294    1.8320    1.4645    2.6888    2.8672    0.8209    0.8104    1.8940    2.9488    0.1155    2.3060    2.5572    2.8969    2.7876    2.4150    1.4871    0.5641    2.4041    0.4280    0.3764    3.0214    1.9913    1.7496    2.5753    2.2955    1.9387    3.0679    0.1529    2.1420    2.7996    2.8094    1.5262    3.0446    3.0439    3.0664    2.6432    3.0791    2.3698    2.3633
    430000      39.668092
    440000         3.9915       -30.8949        34.8864
    440000         5.1478         3.3203
    440000    2.0235    1.6870    2.7390    0.6239    2.0807    0.8376    1.6831    2.4354    2.5742    2.6039    2.0444    2.3071    2.7525    0.1734    0.5061    1.2001    2.5642    0.7523    2.7190    2.8036    3.0407    2.9875    3.1036    1.7666    0.9510    2.1576    0.0189    0.4876    3.0922    2.0527    1.6553    1.9419    2.5161    1.2657    2.9534    0.0241    2.1427    1.7646    2.1344    1.4954    3.0946    2.6525    2.7976    2.4631    2.7773    2.4668    1.8157
    440000      40.626431
    450000         4.9413       -32.7728        37.7141
    450000         4.8390         7.6589
    450000    2.0703    0.6387    2.0809    1.7688    2.3847    2.3217    2.0693    2.3431    2.7728    2.2065    2.2831    0.6646    1.3963    2.8784    0.7081    1.2429    2.2021    0.0617    1.5859    1.8181    0.1284    2.6528    0.1148    1.4901    2.3197    2.5975    2.0296    0.7373    2.1556    1.9261    2.9859    0.0699    0.2324    1.8940    2.8135    2.5848    2.1855    2.8069    2.7736    2.8361    2.6562    0.0627    2.9173    2.9844    2.7259    0.0920    1.1644
    450000      41.565870
    460000         5.0516       -30.3992        35.4508
    460000         3.8238         4.5306
    460000    2.1172    0.5820    2.7604    0.9062    2.4880    0.0917    2.6558    0.7137    3.0211    0.5015    1.9448    1.8752    2.1866    1.1743    1.1519    1.0091    2.9319    1.0582    0.2864    2.0605    0.1600    2.7709    2.3820    2.6137    2.1278    1.5782    2.2517    2.0769    2.3534    2.0041    1.4653    2.5726    0.6355    0.3580    0.7637    2.1869    0.9352    2.8485    1.8001    1.7775    3.0531    0.5189    1.8721    0.8764    2.4758    0.5495    0.1280
    460000      42.509059
    470000         4.4456       -32.4094        36.8551
    470000         5.9037         7.8188
    470000    2.1039    1.5320    2.8555    0.7396    3.0049    0.7442    3.1047    2.2432    2.7470    3.0550    3.0387    1.6189    2.2214    0.3069    0.1469    1.2131    2.6029    1.3358    2.6937    2.8802    3.0358    2.7029    2.9400    1.4959    1.4305    2.6355    0.0056    0.3709    3.0530    1.9600    1.5628    2.3094    2.4195    1.7802    2.9431    0.2780    2.6187    2.6764    2.7468    0.9854    2.9447    2.8142    2.3858    2.6439    2.8375    2.6288    1.8055
    470000      43.463187
    480000         4.9563       -32.7663        37.7226
    480000         4.3667         3.4377
    480000    1.2578    0.7412    0.9644    0.8955    2.7568    0.7474    0.7216    0.3794    2.2490    0.8304    2.8048    1.1720    2.4086    1.8538    0.5768    1.8981    2.3954    0.5948    1.5238    2.4952    2.6547    2.6854    2.6525    2.7630    2.4322    1.9497    2.5572    3.0112    2.4443    2.9866    2.8834    2.0470    0.9396    0.9387    1.6174    3.0545    0.6098    2.5171    0.0506    1.4479    0.7874    2.5070    0.5502    1.3718    2.2854    0.7456    1.9803
    480000      44.412977
    490000         4.5382       -32.2967        36.8348
    490000         4.0415        10.1179
    490000    1.8980    1.3230    1.4303    0.5842    0.3291    0.2295    0.2964    1.9373    2.7510    0.9912    2.2771    0.1319    1.6092    1.0526    0.1734    0.6334    0.1347    0.7589    0.5153    2.2213    0.1085    2.6179    1.8879    1.0199    2.2172    2.3239    0.5386    0.7133    2.7520    2.0532    1.2204    2.9166    1.2714    2.6220    2.6598    0.3471    2.5002    2.9160    2.9785    0.1422    2.4496    2.3459    2.8581    2.5407    2.5062    1.2410    1.1702
    490000      45.365852
    500000         1.8613       -34.2437        36.1050
    500000         4.4143         1.9057
    500000    2.0540    0.7404    3.0973    2.2549    2.6728    2.4176    0.9008    1.0452    2.1067    0.2867    2.5734    1.0304    2.6808    1.7244    0.2189    0.7267    3.0233    0.1700    1.6746    1.5536    2.8421    2.8292    2.3007    1.7588    2.2970    1.8617    2.7413    2.7751    2.8334    1.8737    0.0264    0.9766    2.7028    1.6832    0.5303    2.8504    0.7905    2.5009    1.7393    1.8382    1.8707    1.9262    2.5759    0.9316    1.8134    0.0251    2.3101
    500000      46.316580
    510000         9.4970       -31.2062        40.7033
    510000         5.8258        16.5950
    510000    1.5283    1.2195    2.9674    1.0240    0.4457    0.5063    2.4352    1.6431    2.4266    0.6748    2.7328    2.3434    1.1101    0.9338    1.8475    2.2191    1.5324    2.3364    1.5020    2.9534    1.7649    2.3170    2.2219    0.0440    1.8477    1.6634    1.1017    1.6193    2.4060    2.2418    1.3260    2.7027    0.8789    1.0402    0.9236    0.5651    0.8883    2.2143    2.5606    1.2196    2.8664    2.3709    2.9364    1.2986    2.8186    0.4680    2.8720
    510000      47.256064
    520000        10.3387       -30.2810        40.6197
    520000         4.5587         6.9478
    520000    1.7170    2.7963    2.4328    2.1783    3.1022    0.8789    1.7625    2.1351    0.9006    1.4731    2.7549    0.7387    2.0746    1.1991    0.9681    0.7625    2.3681    0.3778    2.6098    2.4981    2.9160    2.7498    2.4654    1.5731    1.1326    2.7653    1.3569    0.1461    2.1504    1.3650    1.8803    1.9107    2.2285    1.0223    2.8955    1.9851    1.5302    3.0000    2.2932    0.1648    2.6511    2.8301    2.2407    2.7491    3.0162    2.5233    2.3397
    520000      48.201564
    530000         6.6758       -32.7950        39.4707
    530000         4.6531         5.8131
    530000    1.4307    2.6643    1.4653    1.7667    1.3580    1.0447    3.1374    2.7606    2.8385    1.5611    3.0028    0.6356    1.6681    2.7878    3.0918    2.6789    2.5183    0.5562    2.3272    1.1527    1.2079    1.6098    1.6959    0.2136    2.9168    2.1624    0.3142    0.5696    0.5988    0.2660    2.5133    0.7185    2.1798    1.4131    2.0164    1.3946    1.6356    3.0805    3.0908    0.2524    2.1880    0.1064    3.1378    3.0290    0.8523    0.0491    3.0184
    530000      49.168912
    540000        10.5635       -33.3804        43.9438
    540000         4.4452         1.6270
    540000    1.9588    2.3541    1.2303    2.0504    1.4443    1.6935    0.2255    2.4341    1.7012    2.3901    2.5938    1.0233    2.6646    0.4066    0.9746    0.5923    2.1925    0.7564    2.6491    2.8064    3.1307    2.7336    2.9157    1.6989    1.1142    2.9321    0.4209    0.0655    2.9609    1.9606    1.6714    1.6237    2.7032    0.8496    3.0765    0.7412    2.8741    2.2849    2.2310    0.8436    3.0808    3.0367    2.6254    2.6100    3.0021    0.0825    2.8511
    540000      50.117429
    550000         5.7448       -35.6744        41.4192
    550000         4.2764        11.5705
    550000    1.4201    2.0508    1.4270    2.3254    0.8726    2.7155    2.4505    0.1830    2.9412    0.1858    3.1104    1.4406    1.6570    3.1186    3.1346    1.8688    1.9835    1.7494    1.2081    1.6564    0.7897    1.6617    2.1938    0.3505    2.9227    2.2332    0.2468    0.6589    0.9237    0.7497    1.9727    0.2950    0.6329    0.6026    1.3128    1.2643    1.3056    2.8474    2.5080    1.3747    2.4659    0.2018    2.9724    2.3059    1.0711    0.5213    3.1016
    550000      51.046702
    560000         4.5141       -29.9577        34.4718
    560000         4.9964         6.4117
    560000    2.0729    1.5572    2.8866    0.7436    2.7172    1.6479    1.6449    2.1482    2.2098    2.4468    1.6769    1.6800    1.8458    0.5922    0.8713    0.0220    1.3039    0.5341    2.1215    2.4990    2.7830    2.9327    2.8070    1.2883    2.1829    2.8014    0.2050    0.2709    3.1414    1.8786    1.4970    2.5733    1.6748    2.5542    3.0239    0.0625    2.6871    2.7994    2.8989    0.1111    2.6338    2.8656    2.9214    2.6942    2.7171    2.7243    2.5260
    560000      51.998734
    570000         5.8852       -31.3593        37.2445
    570000         4.6747         8.0973
    570000    1.9324    1.5927    2.9052    2.8510    3.0643    2.7951    1.6350    2.6651    1.5941    0.8447    1.1445    1.0665    2.2462    1.4766    0.3632    2.6513    2.2294    0.1381    1.7804    2.2092    2.9844    2.7684    2.2046    1.3506    1.4912    1.6586    2.2360    0.7020    2.5619    2.5629    0.7113    0.0743    3.1290    1.2619    2.6025    2.6933    1.0637    2.9681    1.4230    1.1952    2.8234    2.7157    2.9343    2.5497    2.6675    2.8648    3.0542
    570000      52.961706
    580000         6.1915       -34.5245        40.7160
    580000         4.5062         8.1592
    580000    1.4769    2.3264    2.4180    2.3257    2.7645    2.1145    0.0918    2.4231    1.1267    2.8443    2.7665    0.6326    2.2157    1.5569    0.7870    0.8745    0.3175    0.1612    1.9750    2.6730    2.2931    2.9116    2.2642    1.4728    1.2398    2.6282    1.5187    0.3311    1.6904    1.9179    1.8527    3.1383    0.7240    0.0985    3.1068    1.7683    1.9658    2.9689    2.7364    0.3607    2.9760    2.5624    2.8622    2.3926    2.6953    3.0909    2.8027
    580000      53.938748
    590000         1.6749       -35.6241        37.2990
    590000         4.5294        10.8478
    590000    2.0232    0.9506    1.8108    2.8454    0.6976    0.4520    2.2795    2.6033    2.9532    2.0090    2.6276    1.1261    0.0282    2.9346    2.3393    2.6929    2.2583    1.0251    2.1431    1.4147    0.0456    2.5551    0.0878    1.3535    1.7500    2.1696    1.1910    0.2986    3.1372    3.1140    2.9547    0.0453    3.0316    1.3480    2.5924    1.3894    1.5998    2.8498    3.0770    2.9691    2.7670    0.5666    3.1296    2.2770    2.5320    1.7465    2.6850
    590000      54.902883
    600000         2.8149       -33.5996        36.4145
    600000         4.8066         8.5128
    600000    1.8963    1.7663    2.6234    3.1160    2.4896    0.6465    1.1091    2.7526    1.7724    2.1644    2.1896    0.6270    2.7925    1.2551    1.6220    1.0928    3.1145    0.6589    2.8948    2.6747    2.9350    2.7985    2.6504    2.2046    2.1166    0.7566    2.5320    0.9070    2.1220    2.4646    2.9104    1.2558    1.9949    1.0647    2.3823    2.5004    1.7332    3.0186    2.2657    0.1426    2.9530    2.6708    2.9137    0.7358    2.3015    1.3797    2.9800
    600000      55.865155
    610000        -3.1488       -37.9499        34.8010
    610000         4.7516        11.4660
    610000    1.9291    1.8393    2.4881    2.0880    1.5182    0.8096    2.1036    2.5097    2.2168    2.2353    0.3853    1.0065    2.4908    0.3841    1.8421    0.2341    2.9739    2.0981    3.0061    2.8651    3.0599    2.8040    2.8902    3.0981    0.5361    2.5651    0.9688    0.2011    1.4183    2.1273    2.0920    0.4713    2.9862    2.0073    2.1395    2.2209    2.6753    2.5465    2.3625    0.3440    3.1306    1.8304    2.4686    2.9201    2.7326    2.0774    1.8300
    610000      56.822232
    620000         3.5003       -33.3943        36.8946
    620000         4.9904        15.2703
    620000    2.0947    0.7545    3.0531    0.6217    2.2107    0.5923    1.9240    2.7038    2.5765    2.8182    2.6620    0.4863    1.1931    1.1280    1.0276    0.8860    3.1178    2.5964    2.7413    2.5234    2.2401    1.6265    1.4448    1.8777    1.2876    2.3593    0.4431    0.5827    2.9314    2.8245    2.3061    0.7118    3.0991    0.5633    3.0588    0.3616    1.3090    2.8359    2.6350    2.6811    2.9221    1.0951    2.5414    2.9272    2.7348    2.3475    2.4651
    620000      57.792480
    630000        -2.5793       -36.2527        33.6734
    630000         4.4546         8.6201
    630000    1.9484    1.1913    2.9384    2.8904    2.4537    3.0221    2.1061    2.6520    2.1478    1.9371    2.1963    1.0925    1.6022    2.2755    0.5553    1.4139    1.7319    0.2600    0.2855    2.6540    0.8925    2.8460    0.7882    0.7309    1.2902    2.9287    2.1145    2.5355    2.5062    0.2409    1.5968    2.0726    2.4755    2.8974    2.7078    2.2961    0.9056    3.1397    2.1519    0.5017    2.7009    0.4132    2.1985    1.4254    2.4329    1.7301    2.7889
    630000      58.757073
    640000         0.2385       -35.1618        35.4002
    640000         3.9570         1.3481
    640000    2.1703    1.0740    2.7500    0.5915    1.6158    0.4964    1.9050    1.1072    2.9651    1.9824    1.9756    0.5531    1.1625    1.7675    2.9752    0.5054    3.1161    2.3659    1.7359    2.7533    1.6008    3.0334    1.3335    0.4521    1.0278    1.8740    0.2154    0.6537    2.8261    1.9508    1.4568    2.8441    2.0450    1.4931    2.0278    0.6921    1.6810    3.0981    2.8522    1.2419    2.8262    2.5906    1.9547    2.2821    3.0884    2.1994    2.6289
    640000      59.714262
    650000         3.6256       -30.5378        34.1634
    650000         4.6326         0.7595
    650000    2.1049    0.5471    2.7841    0.4849    1.6533    0.2866    2.6955    0.3765    3.0055    0.5961    2.1638    2.2204    2.6812    1.8526    1.3532    1.1238    0.1512    1.6653    1.5976    2.9517    0.8028    2.9774    2.6154    2.2093    2.0854    1.6290    2.3233    1.9887    2.4223    2.3795    1.5870    3.1135    2.0202    0.6104    1.0376    2.0504    1.6782    3.0710    2.3309    2.2341    2.2976    0.2606    2.3359    0.2153    3.1137    1.2221    0.6273
    650000      60.671412
    660000         2.8053       -32.4180        35.2233
    660000         5.2432         4.7499
    660000    2.1233    0.5001    2.8409    0.3466    1.8277    0.6271    1.9240    2.7595    2.9941    2.4749    2.7035    1.2308    2.6053    1.8439    1.9980    0.8269    2.2291    1.5181    2.5563    1.5028    1.0889    3.1138    1.8993    2.5315    0.6358    1.1888    2.3485    1.3764    2.5982    2.5460    1.7676    2.4329    2.7810    0.5125    2.3305    1.9037    2.1660    3.0999    2.8610    2.5940    2.6351    1.3615    2.4896    2.6202    2.2641    2.8604    2.2531
    660000      61.625006
    670000         2.1662       -31.9334        34.0996
    670000         4.4418         7.0349
    670000    2.1540    0.6621    2.8094    0.6792    2.1203    0.8587    2.0231    2.1530    2.9356    2.7653    2.4918    0.5491    1.5116    0.8167    1.3329    0.3480    2.4861    1.6352    2.4136    2.7911    2.9180    0.7207    2.1075    3.0594    0.0302    0.4997    1.8715    1.2668    2.5749    2.2037    1.5992    2.5080    2.7906    0.4582    2.0904    0.6274    0.8547    2.8642    2.7364    1.9321    2.6717    2.0547    0.4947    1.2502    2.7930    1.8390    0.5068
    670000      62.569060
    680000         4.1610       -32.3518        36.5128
    680000         4.4648         3.6063
    680000    2.1171    0.6841    2.7787    0.6468    1.9115    0.1174    2.9736    1.3237    2.9428    1.0329    2.4070    2.7677    2.4088    1.6200    1.4244    2.1774    2.1677    0.6371    1.4137    1.1323    2.0070    2.7571    2.1098    3.1262    1.7263    1.5544    2.1375    1.9613    2.5182    2.5503    1.6663    2.5229    1.3178    0.1020    0.2322    2.0450    1.3427    3.1176    2.0565    2.0304    2.2694    0.3879    2.3487    0.6009    2.5378    0.3523    0.9248
    680000      63.519135
    690000         6.6616       -31.1236        37.7852
    690000         5.0917         2.2376
    690000    1.3054    2.4516    1.9476    0.4044    2.1602    2.5721    1.2617    2.2029    1.5007    1.8485    2.7650    0.0314    1.7371    0.9643    1.5331    0.3476    2.8075    1.2179    2.9181    2.6520    2.8776    3.0943    2.5743    2.4814    2.9420    2.0834    0.4482    0.9779    0.2910    0.0974    0.9449    0.1850    2.7614    2.2703    1.5897    3.0376    1.4407    3.0297    2.4916    0.3833    3.1295    2.1596    2.0223    2.8869    2.6334    2.7333    2.5872
    690000      64.482131
    700000        12.0808       -29.3358        41.4165
    700000         4.5540         4.4551
    700000    1.4169    1.3070    1.8234    0.2763    1.5951    2.3748    1.7005    2.3029    1.8038    2.3273    3.0786    0.4427    2.8038    0.9534    2.2589    0.3037    2.9408    2.6793    3.1312    2.7512    3.0968    2.9588    0.2830    0.1788    3.0895    0.0080    1.4919    1.1207    0.9776    0.2479    1.1033    0.1690    2.4846    3.1003    3.1160    0.1284    0.3702    2.6666    2.1692    0.5815    2.6322    1.0052    1.4065    1.7422    3.0134    0.2012    1.8265
    700000      65.440389
    710000         5.4727       -29.6997        35.1723
    710000         5.7551         7.4887
    710000    2.1241    0.5547    2.9309    1.0282    2.5802    1.4510    2.7392    2.2005    2.8654    2.8465    2.9214    0.3421    2.1953    2.2343    2.9037    2.8172    3.0303    1.2079    2.9093    0.6891    0.8866    2.6208    0.6736    2.0717    0.5058    0.6626    2.0320    1.1589    2.8910    2.2430    1.9168    1.5368    2.8844    0.2500    3.0626    2.3745    2.3858    2.9620    3.1200    2.8736    2.7002    1.3940    2.6346    1.8150    2.9715    1.6856    0.1028
    710000      66.384287
    720000         7.5040       -32.7985        40.3025
    720000         4.1672         5.4560
    720000    2.1995    0.9096    2.7959    0.6112    1.9821    0.3197    2.7313    1.2657    2.9052    0.5170    1.9062    1.7773    1.2238    0.6929    1.2810    0.5163    2.4627    0.9917    2.1587    3.0451    1.7757    1.9244    3.1025    0.9940    0.9297    1.3681    0.1961    0.8240    2.7254    2.1033    1.6161    2.9001    2.2177    1.1934    2.0688    0.4607    1.0496    2.6845    2.6606    1.9421    2.8286    3.1332    1.6270    0.9844    1.7421    0.9701    2.3457
    720000      67.327183
    730000        13.5467       -28.9351        42.4818
    730000         7.5145        19.4194
    730000    1.9575    1.3941    2.3167    2.4230    1.8919    2.5096    1.0810    2.2769    2.8090    3.0111    2.9131    0.4211    2.3184    2.6337    1.9208    1.7220    2.9989    0.1075    1.1945    3.0627    0.0774    2.8483    0.1763    2.0348    0.5222    2.5155    2.8334    0.6828    1.4338    2.4019    2.8762    1.8046    2.7785    2.8602    2.4205    0.2578    2.4231    2.3403    3.1366    1.3749    2.9530    1.5025    2.5665    2.8964    2.8415    1.0292    2.9610
    730000      68.254161
    740000         6.0489       -27.6984        33.7473
    740000         4.8779         5.2662
    740000    2.1828    0.9992    2.9161    0.7282    2.7671    1.1446    2.2256    2.3825    2.0813    1.6816    3.1172    0.0384    1.1850    0.3841    0.0040    1.4891    3.0651    0.6892    2.6106    2.8952    2.5836    2.6476    2.7295    1.5830    1.2065    1.8051    0.1859    0.3864    3.1266    1.7679    1.5630    2.2599    2.7593    1.0693    2.9914    0.2827    1.7632    3.1099    2.0736    2.6282    2.9408    1.7458    2.0259    0.3945    2.6918    0.5270    2.9165
    740000      69.172545
    750000         8.4739       -29.4020        37.8759
    750000         4.5849         6.7050
    750000    2.1686    1.2409    2.8233    0.5348    2.0666    0.9051    1.4988    2.4937    2.3521    2.2338    2.0484    0.5529    0.6567    0.6350    0.7696    1.2923    2.9765    0.7750    2.6486    2.7343    2.4468    2.5943    3.0992    1.4396    1.3002    2.3241    0.2796    0.4825    2.9860    1.7739    1.4319    2.6868    2.5263    1.1987    2.6716    0.7233    1.5500    2.8737    3.0021    1.0392    2.4703    2.8852    2.6799    2.3129    2.0990    0.0770    0.9753
    750000      70.103469
    760000         2.8730       -31.0803        33.9533
    760000         5.4620         6.4290
    760000    2.0820    0.5747    3.0185    0.9745    2.7763    1.4110    2.3451    2.0862    2.7078    2.9051    2.7626    0.0598    2.5397    2.8574    1.8221    3.0123    2.3317    0.8750    3.0005    2.7937    2.2170    2.0589    1.3524    2.8026    0.5131    0.0932    1.2774    1.5378    2.4715    2.3444    1.5389    1.7551    2.7869    0.1068    3.0050    1.3631    1.6385    2.8420    3.0336    2.7601    2.8160    1.5540    2.4189    2.3051    2.9273    2.5072    0.3889
    760000      71.040515
    770000        -2.1415       -33.2522        31.1107
    770000         4.4057         4.3336
    770000    2.1420    0.6292    2.8852    0.5805    2.3841    1.1344    1.7928    1.9387    2.9460    2.9780    2.5887    0.3929    0.6760    0.4129    0.9992    0.5196    2.0458    1.1219    2.3095    2.9255    2.3810    1.6278    1.7482    0.8842    0.9381    0.8337    0.2846    0.8375    2.6752    2.0541    1.4083    2.4275    3.0696    0.5351    2.5717    0.8843    1.3997    2.9367    2.8092    2.1757    2.6253    2.6066    1.8732    2.1453    3.1401    2.3871    0.4092
    770000      71.987289
    780000        -1.5248       -32.3381        30.8133
    780000         4.2550         2.4032
    780000    2.1432    0.6320    2.7971    0.4278    2.2100    0.3041    3.0410    1.0879    3.1125    1.7914    3.1249    0.5655    1.2285    0.7640    0.9370    0.3669    1.7950    0.8578    2.0005    3.0617    1.4903    1.5467    2.6135    0.4843    0.1775    0.0071    0.5522    0.8545    2.6799    2.0143    1.4918    2.7624    2.3618    1.0878    2.4720    0.8890    1.4410    2.8923    3.0485    2.3138    2.7429    2.7691    1.9171    2.1688    3.1022    2.2111    0.6547
    780000      72.943173
    790000         0.4130       -31.2304        31.6434
    790000         4.0627         7.5285
    790000    2.1676    0.6367    2.8173    0.5019    2.2325    0.8087    1.9434    1.8833    3.1154    2.4542    2.6100    0.2186    1.0814    0.4601    0.9192    0.3187    1.6002    0.9309    1.7231    2.8663    1.7394    1.3183    2.5896    0.1859    0.0735    0.6216    0.3880    1.0126    2.5494    2.1160    1.3705    2.8078    2.3363    0.9328    2.1547    0.6563    1.0028    2.7905    2.7986    1.9569    2.9148    3.0598    1.3601    1.6796    1.1164    1.0667    2.7728
    790000      73.891622
    800000         2.4981       -32.6342        35.1323
    800000         3.9854         5.8277
    800000    2.2056    0.9574    2.8055    0.5613    1.9412    0.4536    1.9305    1.9795    2.9068    2.8135    2.3733    0.3783    1.2443    1.3747    1.4206    0.5541    2.0440    0.8692    1.9356    3.0075    1.4214    2.1350    2.8663    0.9215    0.4547    1.5593    0.0049    0.6837    2.6945    2.0625    1.4374    2.7128    2.5624    0.8919    2.5019    0.7395    1.3756    2.7503    2.9990    1.5618    2.5820    3.0930    2.7351    2.1011    0.0991    1.8076    2.1753
    800000      74.842255
    810000         1.6765       -31.4147        33.0912
    810000         5.3882         7.6677
    810000    1.2677    1.3438    3.0285    0.3016    1.1323    0.8503    2.0044    0.1939    1.0713    2.6835    1.3131    1.3987    1.7394    2.5618    2.9805    2.2596    2.9872    0.3182    1.0778    2.6422    3.0269    2.8856    1.6109    1.4984    2.0201    2.2180    2.7687    2.1514    2.9044    0.3747    0.1600    1.0804    2.6020    1.9544    2.8195    2.4942    1.1603    2.7523    2.4181    1.3074    3.1005    0.3422    2.3721    0.3759    2.4584    2.2031    1.7542
    810000      75.792192
    820000        -2.9963       -34.7405        31.7442
    820000         4.8877         9.3405
    820000    1.0964    2.4003    2.2588    0.2557    0.4983    0.5506    1.5174    0.2246    0.1412    2.8441    1.4436    0.9581    1.7650    3.1020    2.3992    2.0978    2.5515    0.2303    0.3470    1.5809    2.9152    2.8110    1.9973    1.6467    1.8440    3.1250    1.3747    0.0459    3.1310    1.8663    1.3397    3.0386    1.5215    3.0851    2.9033    0.6357    2.7680    3.0005    2.8988    0.4935    2.9586    1.6161    2.6631    1.5807    2.3712    2.9170    2.7776
    820000      76.746701
    830000         8.1202       -27.9768        36.0970
    830000         6.1352        17.0987
    830000    1.2003    2.6175    1.4722    1.9604    0.9239    1.7648    1.5536    0.0672    2.5034    2.8081    2.8308    0.3541    1.7528    3.0846    1.8554    1.9646    2.6409    0.1203    0.8900    3.1144    0.4707    2.8287    0.0323    0.2289    2.4857    2.7177    1.2810    0.6153    2.0614    2.1664    2.1889    1.5527    3.1324    2.7742    1.9895    0.6634    1.9362    2.9744    2.8929    0.8975    2.9493    1.0394    2.9654    2.9696    2.8498    1.2140    2.9910
    830000      77.687715
    840000         6.7923       -31.3397        38.1320
    840000         4.5368         3.1881
    840000    2.1035    0.6252    2.7681    0.7751    2.8351    0.5768    2.7647    1.7671    3.0271    2.9433    2.9528    0.2869    1.0596    0.1911    0.5255    0.6869    1.7342    0.7214    1.6059    2.2477    2.6658    0.1182    1.1698    2.6199    0.3083    1.0250    1.9422    1.0900    2.6970    2.2089    1.2994    2.6087    2.8602    0.3555    1.7514    1.3056    0.9562    2.9577    2.7913    2.1963    2.1577    2.0113    2.3325    1.0804    3.0016    1.0994    2.5880
    840000      78.639459
    850000         5.7278       -31.7348        37.4626
    850000         4.8136         3.6826
    850000    2.1436    1.1314    2.8289    0.4655    2.1095    0.7407    1.7261    2.3538    2.1176    2.3919    1.7926    1.3673    1.7178    1.3050    1.3944    0.8726    2.5920    0.6564    2.6015    2.6155    2.3834    3.0910    2.7087    1.1641    2.3406    2.6456    0.2713    0.3484    2.8089    1.9530    1.4749    1.9617    2.7776    0.5173    2.9630    0.0579    2.7959    2.6842    2.4920    1.4102    2.9503    2.5124    2.3837    2.4447    2.8157    2.6008    1.7436
    850000      79.581285
    860000         0.7313       -34.1969        34.9282
    860000         5.0811         6.1763
    860000    2.0793    1.0803    3.0089    0.8978    2.3730    1.1451    2.1976    2.2447    2.1051    2.4390    2.6449    1.9002    2.6535    0.8590    0.5323    1.5667    3.0114    0.4126    3.0660    2.5608    2.3609    2.9434    3.0488    1.6636    1.0544    1.9966    0.0843    0.3503    2.8052    1.9620    1.6698    1.1232    2.6899    0.4008    3.1378    0.1422    1.3290    1.2473    2.0787    1.8469    3.0721    2.3111    2.4473    2.7272    2.3117    2.6719    1.8993
    860000      80.548128
    870000        -0.3921       -34.5833        34.1912
    870000         5.0036         5.3703
    870000    2.1068    0.7083    3.0285    0.9811    2.2893    1.3188    2.5017    2.1068    2.5778    2.8384    2.8001    0.0999    0.6378    0.8340    0.4863    1.2886    2.9487    0.2826    2.7066    2.9366    2.3158    2.7789    2.8288    1.8231    1.1729    1.3556    0.3820    0.5603    3.0184    1.8737    1.4259    1.6518    2.6313    0.0539    3.0295    0.7820    1.6507    3.0569    2.9674    2.4044    2.8984    2.1664    1.9830    2.3335    2.6599    2.5786    1.7789
    870000      81.507432
    880000         2.8227       -32.5925        35.4152
    880000         4.4940         3.0779
    880000    1.7755    2.8042    1.6655    0.5180    3.0959    2.5733    0.6536    2.3654    1.3336    2.0503    2.6505    0.0691    2.1586    0.1581    1.6596    2.9638    3.0821    0.2104    2.8031    2.3580    2.5734    2.9485    2.3135    1.7633    1.7392    1.6765    1.7479    1.0790    0.2679    0.1591    1.4514    0.2316    2.4971    1.2557    2.0384    2.7061    1.8950    3.1318    2.3962    0.1793    3.0902    2.7315    2.4178    2.9661    1.5931    2.3772    1.7379
    880000      82.455380
    890000         4.8773       -31.3703        36.2477
    890000         5.0931        10.2821
    890000    1.2115    1.1421    1.7574    2.4028    0.0844    1.5553    1.8969    0.2226    2.2569    2.1248    0.7677    0.1231    2.0090    2.8135    1.9437    2.1466    2.6366    0.0721    0.7896    3.0109    0.7330    2.9046    0.4867    0.2788    2.6621    2.6454    3.0352    0.0617    2.5187    2.3321    2.6904    3.0492    3.0438    2.5590    3.0248    1.5244    1.0896    2.9746    2.5789    0.5924    2.7496    0.2883    3.0137    2.8706    2.1127    1.1950    3.0341
    890000      83.399216
    900000         6.7884       -31.9367        38.7252
    900000         4.2234         6.2835
    900000    2.1712    0.7100    2.7269    0.6213    2.0747    0.6567    2.1523    1.4386    3.0064    3.1089    2.4425    0.4004    0.5021    0.6887    1.0029    0.9199    1.6045    1.0778    2.1252    2.8252    1.7713    1.9112    2.4690    0.6801    0.1890    0.3219    1.4778    0.9633    2.9551    1.9564    1.5317    2.7947    2.1588    0.9816    1.9421    0.8580    1.0669    3.0692    2.9087    2.3682    2.6759    2.5085    0.6326    2.8276    2.5302    0.0357    0.4278
    900000      84.352023
    910000         1.5752       -29.3842        30.9594
    910000         4.8526         5.4822
    910000    2.1380    0.8437    2.9698    0.7496    2.4768    1.1839    2.0237    2.1400    2.1996    2.3960    2.3236    0.1340    0.4574    0.9570    0.9486    1.1567    2.7196    0.6543    2.7603    2.6341    2.3263    2.8973    2.8169    1.0565    1.8530    2.0620    0.1366    0.6347    2.8827    1.9399    1.4719    2.2672    3.0369    0.4633    2.8866    0.7123    1.5880    2.3125    3.0101    2.5625    2.8549    2.6863    1.5013    2.1407    2.7641    2.6942    1.1652
    910000      85.297063
    920000         3.2718       -31.3784        34.6503
    920000         4.4627         3.6534
    920000    2.1311    0.6393    2.8791    0.6762    2.0932    0.7407    2.2096    1.6365    2.8431    2.6297    2.4090    0.6788    0.6027    0.9838    0.7507    0.8138    1.8244    0.8498    2.1380    2.9758    1.5762    1.2806    1.8643    0.8302    0.5787    0.1292    0.7742    1.1742    2.6153    2.2854    1.5983    3.0739    1.9739    0.7913    1.6165    0.3815    0.6107    2.6774    2.6340    2.4279    3.0061    1.0808    2.0506    1.8694    2.6392    1.7565    2.5675
    920000      86.249818
    930000         6.4099       -29.1718        35.5817
    930000         4.9539        12.6272
    930000    1.4459    0.9510    0.8531    1.7662    0.4939    0.7805    1.6177    3.0083    2.7256    1.7425    2.9291    2.2467    1.7389    0.0457    1.4522    1.1333    1.1622    0.2970    0.3293    1.6927    2.8559    0.6644    2.7496    1.6280    2.6215    1.7672    1.7306    2.6029    2.7361    1.9542    3.1238    1.7833    0.3274    0.4650    1.1176    1.9906    0.2172    2.9716    2.1048    0.1542    2.8637    2.1945    3.0016    0.9760    2.9011    1.4796    0.0448
    930000      87.194548
    940000         9.0683       -31.4104        40.4787
    940000         5.1608        14.5271
    940000    1.4977    1.1984    1.5750    1.5739    1.9562    0.7925    1.1600    1.9884    2.8781    2.1896    2.9993    0.6493    2.8215    2.3046    1.7419    2.6673    0.9936    0.1246    0.7912    0.5419    1.9952    1.0306    2.9230    0.7664    2.6386    1.7383    1.4503    2.0864    2.8151    1.6119    0.5878    2.0086    0.5779    0.4161    1.1634    1.5495    0.3676    3.0755    1.5868    0.1206    2.9124    2.1313    3.0075    1.5883    2.6306    1.0573    2.4520
    940000      88.147614
    950000         0.3161       -36.9387        37.2549
    950000         4.8830        15.7094
    950000    2.1171    0.6353    2.7914    0.5214    2.7935    0.3974    2.5574    0.6647    2.3765    2.7898    3.0999    1.1578    1.3221    2.8688    0.5998    0.9197    1.3637    0.6107    1.3371    2.4283    1.9482    1.6219    2.6759    0.5668    1.9194    1.4167    1.6369    1.2922    2.5978    2.3462    1.3934    3.1214    1.8846    0.3850    2.4309    1.4427    2.5600    2.9251    3.1393    1.7976    1.7244    1.0342    2.2155    0.1378    0.8480    0.1099    1.2940
    950000      89.119878
    960000         9.7551       -30.2892        40.0442
    960000         4.6319         7.8868
    960000    1.9221    1.9202    2.6529    1.6697    2.4649    2.2254    1.2114    2.4731    0.4527    0.3920    2.2749    1.3029    2.8539    2.2589    1.0853    2.0343    2.3431    0.0641    0.6592    3.1020    0.7526    2.9614    0.9840    1.1618    1.6986    2.5886    3.0059    0.1362    3.0596    2.9453    1.9930    2.4330    2.6389    2.6123    3.0489    2.3879    0.2451    3.0949    2.3033    0.1449    2.6586    1.3736    1.3475    1.2560    2.9061    2.9776    2.4699
    960000      90.075028
    970000         3.5905       -31.5421        35.1326
    970000         5.3120        14.4798
    970000    1.2952    1.7453    1.5400    0.5343    0.6856    2.2225    2.2021    2.0606    0.0914    3.0131    2.5792    0.1144    2.6935    1.5453    2.9152    2.1307    2.1715    1.0356    1.8628    1.9581    0.0754    2.7681    0.0047    0.8009    2.6583    1.1945    0.7252    0.5449    0.9528    1.9378    2.1177    0.4967    2.6867    2.2605    2.8672    0.0685    1.5605    2.6620    2.9160    0.9121    3.0078    0.7206    2.8342    2.9823    2.8509    1.5211    2.5796
    970000      91.021441
    980000        11.5338       -32.2762        43.8100
    980000         4.1079         5.1585
    980000    1.5941    1.6108    1.9472    0.4695    2.1361    1.7905    1.8183    2.5357    0.7737    2.9487    2.7938    0.6435    2.6371    0.2969    2.1380    3.0537    2.9164    0.5622    2.7778    2.3170    2.4598    2.9506    2.1104    1.1823    1.3962    2.0010    0.7953    0.1104    0.9303    0.8754    1.1743    0.4669    2.9623    2.0077    2.0653    0.8990    1.6894    2.6682    2.2089    0.3205    3.0745    0.8865    1.8068    2.6674    3.1030    2.2289    0.9648
    980000      91.948748
    990000        10.5494       -31.0083        41.5577
    990000         6.5155        11.1184
    990000    2.0582    0.6601    2.4684    1.5741    2.9028    2.1538    1.9329    2.1313    2.1355    3.1339    2.3809    0.4579    0.7961    2.7502    2.5887    2.6074    3.0673    0.5181    2.0140    2.3474    2.3436    2.6397    2.1290    1.7977    2.3848    2.3852    2.7387    0.9914    2.1551    1.9270    1.3774    1.2709    3.0471    2.6090    2.9300    2.8472    3.0879    3.0050    2.9730    2.9864    2.7966    1.6756    2.3587    2.7568    3.0181    3.1302    0.7539
    990000      92.903779
   1000000        12.0425       -29.1435        41.1859
   1000000         4.2884        11.1534
   1000000    2.0321    1.5138    2.9345    0.6330    3.0677    0.3204    1.7268    1.3551    1.0002    1.5713    1.0433    2.1490    2.8552    1.2471    2.4233    2.6897    2.8610    0.4661    2.9059    2.6316    2.2129    2.7250    3.0337    1.3580    1.4043    2.4944    0.6888    0.4299    2.9141    1.8528    2.0241    0.6648    2.9135    0.1462    2.9780    0.7916    2.4078    0.4251    2.4654    1.9518    2.5393    2.6923    2.6597    0.1889    2.7810    0.4496    2.6836
   1000000      93.850936
