# Step CPU_Time_s
         1         6.9931        -0.8382         7.8313
         1         7.7232        25.7640
         1    2.0331    1.2555    1.9400    2.0916    0.1047    1.9964    1.6976    2.1329    0.8130    2.7227    1.7260    2.0374    1.4113    2.9277    1.9940    1.8249    3.1043
         1       0.000000
     10000         7.0004        -1.7099         8.7103
     10000         7.2993        24.5429
     10000    2.4210    2.8754    2.2468    2.7216    2.3943    1.7173    1.3768    2.4621    0.5924    3.0961    3.0585    2.4414    2.7565    1.7377    2.3864    1.2371    1.5245
     10000       0.208013
     20000        12.6946        -2.8658        15.5604
     20000         4.9047        12.8613
     20000    2.1092    3.0389    3.0967    2.2812    2.9658    2.0258    1.5853    0.3443    1.0006    1.8912    0.8930    1.1637    2.7011    2.6667    2.0462    1.9858    1.8274
     20000       0.448028
     30000        11.6253        -4.1914        15.8168
     30000         5.0320        12.7247
     30000    2.1173    3.1027    2.8155    2.1600    3.0735    2.3684    2.9501    2.9472    1.3426    2.8823    2.8912    2.7685    3.1151    1.6081    1.0123    2.1896    2.5677
     30000       0.692043
     40000         8.6184        -2.4677        11.0861
     40000         3.9176         8.4798
     40000    1.5772    1.8720    3.0058    0.7656    1.7377    1.7021    2.7204    0.2234    1.7777    1.2518    0.6268    1.5482    2.9052    1.7314    1.2463    3.0720    3.0758
     40000       0.936058
     50000         8.2706        -1.9204        10.1910
     50000         4.7848        12.0870
     50000    1.9332    1.0156    2.7995    0.5510    2.8930    2.9107    2.9555    1.9142    2.4885    2.2518    2.7270    2.9583    0.7868    0.5279    2.3216    1.5470    3.0430
     50000       1.192074
     60000        12.2836        -2.7011        14.9847
     60000         4.2196        10.1918
     60000    2.0818    1.8691    2.6307    1.3239    2.9636    2.7829    2.6913    0.9322    3.0289    0.5413    1.7750    0.0977    1.9822    0.7340    2.8550    2.1386    2.9329
     60000       1.436089
     70000         7.1364        -1.9896         9.1260
     70000         2.6753         6.1762
     70000    1.6229    1.8700    2.7351    2.3155    2.9684    3.0673    1.3266    0.5586    1.9770    2.4627    1.4041    1.6320    2.9315    2.2304    1.4062    0.1277    0.5354
     70000       1.648103
     80000         9.4167        -1.7503        11.1670
     80000         1.7128         5.9865
     80000    1.4797    1.0606    2.9091    0.0665    0.1859    1.1642    0.7841    3.0932    0.0323    0.3958    0.9651    0.4545    3.0801    1.1471    2.3704    2.0182    0.0769
     80000       1.896118
     90000         8.5399        -1.6876        10.2275
     90000         4.0831        14.7731
     90000    1.6376    2.9920    3.1098    1.8286    2.3554    1.9525    2.8238    3.0961    2.2862    2.2620    1.9246    2.1685    1.3113    2.6917    1.9457    2.8968    2.2105
     90000       2.164135
    100000         3.4175        -5.0415         8.4590
    100000         3.9018         9.0314
    100000    2.1467    2.7861    3.0272    2.4929    2.8680    1.1211    2.8681    1.8787    2.6604    2.1033    0.0229    2.9936    2.6264    2.0239    2.7003    2.3654    2.2724
    100000       2.408150
    110000        11.1943        -2.3377        13.5320
    110000         4.8677         9.8086
    110000    2.2551    1.7597    3.1165    1.6024    2.8097    2.1450    3.0852    0.8013    3.0875    2.3976    2.8063    1.3053    2.7956    0.9057    2.2634    2.2026    1.3320
    110000       2.636164
    120000        10.4330        -4.4452        14.8782
    120000         4.6378        13.4205
    120000    2.0736    0.8624    2.7744    0.3270    2.9871    1.1809    2.9652    2.9110    1.6690    1.8709    2.8268    1.6600    3.0997    1.2909    2.3414    0.1775    3.0268
    120000       2.856178
    130000        11.6299        -2.0591        13.6890
    130000         6.3582        21.2691
    130000    2.1343    2.9405    2.8916    1.9281    2.6730    1.6546    3.0587    2.8765    2.5771    2.5626    2.8163    2.0366    2.8930    2.0229    2.8256    2.0470    2.3651
    130000       3.140196
    140000         9.4020        -1.7477        11.1496
    140000         7.0640        22.4318
    140000    1.8858    2.4383    1.4312    2.6818    3.0661    1.8988    2.3812    2.5639    2.2681    2.5773    2.7322    1.9041    3.1340    2.9160    3.1286    0.5098    3.0592
    140000       3.360210
    150000         6.9124        -6.2851        13.1975
    150000         3.7463         8.5129
    150000    1.9536    1.8968    3.0389    1.9264    3.1384    2.8596    2.7789    0.5149    2.6478    0.6245    2.3255    1.5220    2.3096    0.3540    2.0253    0.9640    1.2078
    150000       3.588224
    160000        10.6181        -5.3382        15.9563
    160000         2.8076         6.3030
    160000    1.7014    2.1474    2.2791    1.8892    2.6856    0.6783    1.6153    1.5625    2.0687    0.2537    0.5285    1.6497    2.1056    2.5124    2.9544    0.1198    2.4833
    160000       3.836239
    170000        11.8710        -5.2732        17.1442
    170000         2.7105         8.8341
    170000    1.5335    2.4215    0.0838    1.4241    0.1074    2.9313    2.4834    0.6773    2.7112    0.6052    2.3560    0.3215    3.0322    2.4639    3.0286    3.0613    3.1330
    170000       4.092255
    180000         9.6023        -2.1305        11.7329
    180000         2.2133         6.8789
    180000    2.0237    0.8727    2.0936    0.7937    3.0852    2.3088    1.3433    1.4715    0.4932    0.6067    0.2019    1.0839    1.6229    0.6506    2.1290    0.1443    0.5663
    180000       4.344271
    190000         8.6577        -1.7625        10.4202
    190000         3.3699         8.9558
    190000    1.8712    2.4429    2.0746    1.1716    3.1405    1.5663    2.9123    1.9066    2.9659    0.4374    2.1808    1.1845    0.8970    1.1242    2.8375    2.3985    0.6295
    190000       4.576286
    200000         7.4613        -9.0613        16.5226
    200000         3.8636         9.0702
    200000    2.3670    3.0679    2.7995    2.9499    2.9839    2.8566    1.7135    2.2829    0.2988    2.3715    2.8435    2.1274    1.9205    0.6685    1.2076    1.2781    2.7985
    200000       4.816301
    210000         5.5865        -7.5951        13.1816
    210000         2.8746         5.6106
    210000    2.2678    3.0041    2.9328    0.9865    2.2675    0.3386    2.3687    1.4896    2.6454    2.2855    2.6095    0.0768    1.8797    0.0088    1.3306    0.0192    2.9037
    210000       5.096318
    220000        12.4148        -1.5651        13.9799
    220000         2.0096         4.2033
    220000    1.6728    1.7193    0.4926    0.1092    2.8188    0.8518    2.9022    1.4854    2.0871    0.3021    0.5980    2.1643    1.0203    2.7908    2.4265    1.8979    2.3789
    220000       5.364335
    230000         7.6919        -4.2541        11.9461
    230000         4.5632         9.5123
    230000    1.6750    2.2056    2.4862    2.2663    2.9323    0.0012    3.0397    2.8168    3.1087    0.8847    2.7691    0.0357    2.9324    0.5484    2.4775    0.6824    1.6721
    230000       5.580348
    240000         4.2445        -1.4938         5.7383
    240000         7.2669        23.3306
    240000    2.1272    2.8197    2.7661    2.9346    3.1364    2.6610    3.1393    3.0686    2.6693    2.1396    2.5691    2.3140    2.9373    1.6005    2.9214    2.9589    2.0631
    240000       5.820363
    250000         6.6647        -6.6501        13.3148
    250000         3.4678        10.7085
    250000    1.4061    1.8132    2.7206    2.8417    2.1093    2.8134    3.0912    0.4441    2.3601    0.6312    1.0273    1.5636    1.7863    0.3659    2.5478    1.8746    1.3761
    250000       6.112382
    260000         8.5528        -2.5278        11.0806
    260000         4.9069        12.0454
    260000    2.0351    1.1789    2.7942    0.7331    2.9807    1.1663    3.0159    2.9482    2.8708    2.1739    2.9895    0.5881    2.9398    3.1244    2.3557    0.7824    2.5454
    260000       6.384399
    270000        14.4479        -2.9476        17.3955
    270000         4.5627        15.8773
    270000    1.8119    2.5665    0.8858    0.1265    0.5142    2.4378    3.0534    1.7022    1.2270    1.0428    2.2950    0.9901    0.1594    3.0717    3.0956    3.1231    3.0730
    270000       6.636414
    280000         5.2649        -1.2072         6.4721
    280000         2.0580         4.3263
    280000    1.3956    1.1171    0.8903    0.4636    0.8453    1.4286    3.1211    1.5801    1.1670    0.1147    0.8950    0.1163    2.0671    0.4545    1.9808    1.1589    2.3748
    280000       6.864429
    290000         7.5078        -1.5165         9.0243
    290000         7.5770        25.5403
    290000    1.9951    2.6113    2.8684    1.4884    3.0284    1.3466    3.1231    2.2955    2.9559    2.6359    2.8442    1.5571    3.1006    1.0630    3.0571    1.0754    3.0266
    290000       7.112444
    300000         5.5795        -1.7925         7.3720
    300000         6.0497        17.4790
    300000    2.1861    2.5313    2.4126    2.3789    3.0957    1.0297    3.1401    2.2976    2.4029    2.4246    2.1007    2.8909    3.0525    2.7146    2.6446    1.8372    3.0792
    300000       7.324457
    310000         8.5469        -2.6189        11.1658
    310000         5.0793        12.6508
    310000    1.9002    3.0048    3.1209    3.1362    1.9932    1.3742    3.1181    2.1085    2.8038    0.1443    2.6551    2.5084    3.0322    1.6419    2.5699    1.9130    2.8990
    310000       7.544471
    320000         7.3178        -1.5062         8.8239
    320000         3.2113         9.6763
    320000    1.7494    1.7429    2.5314    3.0318    2.5139    2.8376    2.9292    1.7185    2.9655    2.0940    1.1521    3.0112    2.9696    2.0304    1.9589    0.2810    2.9285
    320000       7.752484
    330000        10.7563        -2.4271        13.1834
    330000         5.3880        18.5117
    330000    2.2156    2.9162    3.1049    2.7913    2.6909    2.9687    2.9286    2.1305    2.2513    1.2840    2.7888    3.0859    2.6994    0.3619    2.2733    0.3401    3.0971
    330000       8.028501
    340000        11.3917        -2.2588        13.6506
    340000         4.3679        14.3383
    340000    1.5131    1.2810    1.2737    1.9905    2.6144    2.1376    3.0327    2.2340    2.9221    0.5285    2.9481    1.2494    2.9441    0.1561    2.8927    2.8829    2.6477
    340000       8.280517
    350000         9.0984        -2.1883        11.2867
    350000         5.5809        14.0192
    350000    2.0121    2.9955    1.6335    0.4495    2.8149    2.6241    3.0000    2.5167    2.6242    2.2348    2.8171    2.9060    3.0569    2.4965    3.1076    0.3187    3.0203
    350000       8.496531
    360000         9.2506        -4.0822        13.3328
    360000         2.9838         8.4585
    360000    1.9983    0.9577    2.2453    0.9811    2.7648    1.5146    1.1513    1.9173    1.6781    2.0481    2.3060    0.7714    2.0540    0.9442    2.5342    0.2689    1.9562
    360000       8.712544
    370000        12.2516        -2.0922        14.3438
    370000         4.3928        10.7416
    370000    1.7948    2.7507    3.0580    1.3616    3.0397    2.7433    3.0835    0.3433    2.6851    2.9750    2.1383    2.6195    2.4877    2.0138    2.8911    0.6536    2.7190
    370000       8.960560
    380000         7.5159        -1.8654         9.3813
    380000         3.5118        10.2659
    380000    1.9715    1.0254    2.8780    0.7255    1.8084    1.0706    2.3804    2.4604    2.6703    1.4833    2.1163    1.5071    1.4576    1.1370    2.6050    1.6285    2.8025
    380000       9.208575
    390000        10.1671        -2.0662        12.2333
    390000         2.0307         5.7323
    390000    1.1826    1.7804    2.6759    1.5461    1.6712    3.1023    2.3998    0.3444    2.7878    1.6024    1.2262    1.9898    2.7292    0.8871    2.2684    1.1429    2.8663
    390000       9.432589
    400000         7.5363        -2.5238        10.0601
    400000         4.5771        12.4335
    400000    2.0768    1.1460    2.9729    1.6902    3.0613    1.5414    3.0544    2.2160    1.2563    0.2632    2.8062    0.4233    3.0884    2.7892    2.8701    1.7984    3.0656
    400000       9.656603
    410000         6.4293        -2.0564         8.4857
    410000         2.6103         5.7666
    410000    1.7194    2.9737    2.8236    1.6524    2.7899    0.9616    1.6093    1.2849    0.7722    0.8764    0.5640    0.1857    1.6965    0.6930    2.9284    1.0743    2.9180
    410000       9.916619
    420000         7.5996        -6.6182        14.2178
    420000         5.3685        13.8897
    420000    2.0523    0.8832    2.7071    2.4685    3.1183    3.1148    2.9797    2.7119    3.0921    1.7365    2.0709    1.9617    2.6269    1.7970    3.0849    2.4460    2.9972
    420000      10.180636
    430000         8.2120        -1.6090         9.8210
    430000         6.7859        22.5841
    430000    2.0675    1.5462    2.9911    2.1070    3.1225    2.8569    3.0895    3.0234    2.9429    2.3472    2.3882    1.7570    3.0981    0.9683    3.0982    1.0797    2.9974
    430000      10.436652
    440000         6.8515        -1.7078         8.5593
    440000         5.1407        16.0105
    440000    1.7012    1.8533    3.0543    0.8287    3.0062    1.5667    2.7611    2.4617    0.2971    2.3182    0.9723    2.3733    2.6215    1.6451    3.0186    1.8182    2.8961
    440000      10.648665
    450000        11.5164        -2.9531        14.4695
    450000         4.4014        13.8885
    450000    2.0118    0.8454    2.9149    0.5048    2.9132    0.9746    3.0266    0.6780    2.5045    2.8510    2.7934    1.5201    3.1336    0.7703    3.0392    1.1831    2.9519
    450000      10.880680
    460000        10.1774        -2.5584        12.7358
    460000         5.0720        17.6508
    460000    2.2335    2.2123    2.5367    0.3430    2.5907    0.1838    0.6131    3.1408    3.0018    3.0152    2.3095    1.6110    2.9064    1.5984    2.1486    3.0551    2.9537
    460000      11.128695
    470000         5.3466        -1.2408         6.5874
    470000         8.7132        28.8982
    470000    2.2310    3.0423    2.8832    2.6208    3.1189    2.6910    3.1022    2.6414    3.0290    3.0154    3.1320    3.0390    3.0384    2.7009    3.0675    2.8173    3.0832
    470000      11.380711
    480000         9.8989        -4.2621        14.1609
    480000         2.8471         4.3254
    480000    2.0469    3.0155    1.5849    1.0472    1.4965    2.4215    0.4779    2.0919    2.5184    2.9019    2.2261    0.4747    2.3992    0.5405    0.2082    0.3994    2.5430
    480000      11.608725
    490000         6.8056        -8.7083        15.5139
    490000         4.0568        11.3027
    490000    2.3083    1.9749    3.1004    2.6944    2.8363    2.5488    2.6845    2.4135    2.5752    0.0105    2.6760    2.1687    2.9817    0.0450    1.3769    0.9200    2.9512
    490000      11.896743
    500000        10.8420        -3.0010        13.8430
    500000         4.4635        11.2162
    500000    2.3212    2.6419    3.0042    1.9130    2.3027    2.3134    3.0776    2.5875    2.1330    0.3507    2.3159    2.8104    2.8909    1.3528    2.9578    2.7791    2.5924
    500000      12.160760
    510000         6.4001        -3.1194         9.5196
    510000         3.5943         6.4267
    510000    1.2766    1.1073    0.5901    0.0373    1.9532    2.0445    2.2024    1.6413    3.0087    1.9611    2.3986    1.7139    2.9111    0.7958    1.5322    0.4188    3.1296
    510000      12.412775
    520000         6.4963        -9.3755        15.8718
    520000         3.2093         8.6434
    520000    1.4545    3.0939    0.8757    2.7725    2.5093    1.6837    2.2058    1.1110    2.8604    2.3951    2.3754    1.7716    2.8764    0.7132    2.9818    0.1287    2.2723
    520000      12.668791
    530000         6.6861        -5.9533        12.6394
    530000         4.6305        11.0440
    530000    1.8819    2.4060    2.7361    3.0541    2.9323    2.8688    2.2799    3.1375    2.6620    0.3821    2.7749    2.5887    3.0488    2.6091    1.5638    2.5575    2.5464
    530000      12.900806
    540000         4.8111        -1.2576         6.0687
    540000         7.8980        26.3920
    540000    1.6314    2.8940    2.8303    2.0695    3.0421    2.6378    2.9980    2.7777    2.8381    2.4544    2.7448    2.0661    3.1035    1.4362    2.8638    0.9169    2.9084
    540000      13.148821
    550000         7.5065        -4.8102        12.3167
    550000         3.4572         7.8703
    550000    2.1154    1.3234    2.8555    2.1131    2.9130    0.1726    3.1221    1.4273    2.4168    0.2479    1.8832    0.9981    2.4223    0.2100    2.8880    0.0098    3.0271
    550000      13.372835
    560000         7.6506        -1.9701         9.6207
    560000         6.1515        19.3025
    560000    2.1252    1.1524    2.8384    1.1423    2.7401    0.0320    2.9163    1.8920    3.0055    0.4972    2.9692    0.9227    0.2767    1.6715    2.5458    0.5588    1.1013
    560000      13.596849
    570000         3.5863        -6.6800        10.2663
    570000         4.0121        10.5544
    570000    1.4580    1.6845    2.7621    3.1018    3.0217    2.9348    2.0684    1.8039    2.1825    0.9954    3.0924    0.4429    2.9822    2.9946    1.0300    2.4526    2.4838
    570000      13.860866
    580000         3.2697        -6.6547         9.9244
    580000         3.2830         9.5181
    580000    2.1208    1.0172    2.7222    1.5780    2.9973    0.7531    1.3650    2.1377    2.8124    0.3457    0.9085    0.0498    2.8337    1.3357    2.1475    1.3851    2.7399
    580000      14.164885
    590000         6.2722        -5.4921        11.7643
    590000         5.1941        12.6935
    590000    2.2420    2.6613    2.8903    3.0081    2.8209    2.9180    2.9684    0.0828    3.0766    2.5482    1.8827    1.6477    2.7578    1.0084    2.9217    1.3703    2.2623
    590000      14.416901
    600000         6.4568        -6.0422        12.4990
    600000         4.5504        10.7345
    600000    2.2244    1.1633    2.9599    2.2192    2.8771    2.2015    2.8491    2.7985    3.1021    0.1359    2.7151    1.3114    3.0682    0.7542    3.0575    2.2833    1.7843
    600000      14.660916
    610000         6.3877        -5.7837        12.1714
    610000         2.6875         6.2317
    610000    2.0973    3.0345    1.7022    1.9967    1.2140    2.9890    1.1308    0.5998    2.6232    1.3536    2.7784    1.1647    3.0510    0.0548    2.2830    0.1851    1.9721
    610000      14.932933
    620000         9.9624        -4.9089        14.8713
    620000         5.5287        13.6706
    620000    1.8996    1.7442    2.6768    0.4505    3.0971    0.9816    2.6057    3.0526    3.0550    0.6870    2.1994    0.9712    2.9095    2.2758    2.7331    2.7909    2.8772
    620000      15.204950
    630000         8.2456        -1.9205        10.1661
    630000         4.4751        13.3905
    630000    1.5289    2.5735    3.1200    2.3740    2.6680    3.0958    3.1291    2.8235    1.4820    1.9058    2.7096    0.7189    2.5510    0.5446    2.3691    0.6443    2.8400
    630000      15.444965
    640000        10.0770        -3.6526        13.7296
    640000         2.5111         3.3622
    640000    1.6323    1.6498    2.6656    0.3272    2.2831    2.6547    2.3089    2.1613    2.2277    0.2928    2.1693    0.3042    2.6585    0.7380    0.6207    2.4233    2.8879
    640000      15.664979
    650000         8.5454        -2.5894        11.1348
    650000         4.6671        15.0309
    650000    1.7073    1.3520    2.6326    1.3795    2.9987    2.2135    1.9636    2.1268    3.0360    1.3392    1.9396    0.7830    1.5159    1.3814    1.1717    0.2990    2.9773
    650000      15.936996
    660000         9.1693        -1.2439        10.4132
    660000         4.8191        13.5739
    660000    1.8452    1.5998    2.6352    0.0257    3.0025    0.7939    2.2573    1.7203    2.9987    0.6300    2.8669    1.1402    2.5767    0.0039    2.9150    1.0649    3.0883
    660000      16.173010
    670000         6.7731        -5.9718        12.7449
    670000         2.9502        10.5434
    670000    2.2386    2.9654    2.3589    1.1830    2.6612    2.1552    0.2232    2.5490    0.8316    0.7505    1.6794    0.1324    0.8252    1.4294    2.1086    0.5303    3.0450
    670000      16.421026
    680000        11.7106        -1.9307        13.6413
    680000         2.6026         9.6600
    680000    2.2444    2.8076    2.6968    0.9252    2.9925    1.6238    2.0162    2.2064    0.3088    0.6744    1.2686    0.1188    1.1309    0.3176    1.2144    1.8937    2.6965
    680000      16.653040
    690000        10.2147        -2.1742        12.3889
    690000         4.6123        11.0287
    690000    2.1925    1.0974    3.0252    1.2084    2.9415    2.2452    2.8896    1.2277    2.7198    1.2267    3.1086    2.5007    1.8766    2.2152    1.8451    0.3827    3.1159
    690000      16.861053
    700000        13.0992        -2.2473        15.3465
    700000         4.5443        10.4766
    700000    1.8578    2.1907    3.0102    2.1617    2.5540    1.3525    2.9623    0.5193    2.7585    1.4787    2.6048    2.6991    2.9877    1.3377    2.9068    1.2106    2.9999
    700000      17.133070
    710000         9.7045        -5.5753        15.2798
    710000         2.7018         5.0540
    710000    1.3430    2.7517    1.5131    0.6589    2.9922    0.3728    2.5036    0.0057    1.3046    1.8031    2.5120    1.8066    2.3456    2.2472    2.6163    0.9977    2.7488
    710000      17.405087
    720000         4.1620        -4.6156         8.7776
    720000         5.5317        13.9436
    720000    2.1694    2.5522    3.1059    2.1400    3.0649    1.6742    2.2609    2.4672    2.5491    2.1579    1.7626    3.0566    3.1283    0.6132    3.0250    2.6937    2.9849
    720000      17.645102
    730000         9.5269        -1.5237        11.0506
    730000         1.9372         6.4853
    730000    2.0089    1.0535    2.0513    1.0369    3.0361    0.8268    1.9861    1.3666    1.7211    0.3466    0.7790    0.9379    0.4248    3.0861    1.3967    0.4042    2.1106
    730000      17.893118
    740000        14.4370        -4.3310        18.7681
    740000         4.7300        13.7239
    740000    1.6511    2.9191    2.6363    0.9120    2.8947    2.6515    3.0035    1.3195    1.8441    0.4365    2.6280    2.9283    0.9792    2.8504    3.0924    2.8922    2.5646
    740000      18.149134
    750000         7.4736        -1.3370         8.8107
    750000         5.7715        15.2320
    750000    2.1296    2.6473    2.8551    3.0776    3.0691    3.1104    2.5560    2.8347    2.4334    1.8412    3.0855    0.6746    1.5512    0.6508    3.0678    2.0364    2.9738
    750000      18.357147
    760000         8.9739        -8.7909        17.7648
    760000         3.8841        10.7047
    760000    2.1896    1.5656    2.9198    1.8258    3.0090    0.2301    2.2705    2.1882    2.7622    0.4551    1.7889    1.3223    2.8723    0.4400    0.2937    2.4691    1.1395
    760000      18.609163
    770000         5.1831        -1.4788         6.6619
    770000         3.9884        12.5817
    770000    1.8906    2.0283    2.3932    1.2699    3.0936    0.9543    1.7626    1.2997    2.8613    0.3815    2.6465    0.0402    2.9882    0.2352    2.9738    2.7807    2.4663
    770000      18.857178
    780000         7.2818        -1.6885         8.9703
    780000         6.7788        21.3842
    780000    2.1638    2.6467    2.9468    2.6549    2.5826    2.5502    3.0268    2.8825    2.8874    2.7429    2.3633    2.5889    3.0401    0.5802    2.6108    1.4302    1.5518
    780000      19.073192
    790000         9.9322        -6.0890        16.0212
    790000         2.5941         5.0686
    790000    2.0996    2.6411    2.9839    1.5667    2.5249    3.0679    2.3317    0.7622    1.4184    2.5957    1.3995    1.0953    0.2101    0.3909    0.3126    0.8913    0.7246
    790000      19.337208
    800000         9.4618        -9.3869        18.8487
    800000         3.7124        11.6690
    800000    1.7546    1.4596    3.0312    1.2729    3.1230    0.4435    3.0087    2.3426    3.0815    1.9872    1.4830    1.6446    2.8772    1.2443    3.1101    2.8931    2.0486
    800000      19.633227
    810000         8.7865        -6.2168        15.0033
    810000         3.7536         5.1902
    810000    1.5036    1.7101    2.8817    1.1862    2.1742    1.0083    3.0665    2.9869    2.2768    2.9016    1.8002    2.2834    2.8048    0.1218    0.5364    2.0627    2.1092
    810000      19.897243
    820000        11.5062        -2.2376        13.7437
    820000         4.8624        10.9730
    820000    2.1929    2.8376    2.1188    0.9700    2.3375    0.6368    3.0776    2.4029    3.1294    2.6417    2.4048    0.6962    2.7158    2.6585    2.3081    2.4699    1.7330
    820000      20.153259
    830000        11.4897        -5.9867        17.4764
    830000         5.1538        13.0235
    830000    1.9334    1.2912    2.3074    1.5993    3.1128    2.8648    3.0394    0.7425    2.3896    2.7675    2.9960    2.0406    2.9094    3.0604    2.7500    0.0228    2.8017
    830000      20.365272
    840000         8.2054        -2.0589        10.2642
    840000         5.1169        13.1213
    840000    1.6432    1.4545    2.8238    1.7643    1.6997    2.3593    2.7754    1.6131    0.1460    2.2289    2.1232    1.0256    2.9725    2.9335    2.9934    2.8530    2.9056
    840000      20.581286
    850000         8.9727        -5.7536        14.7263
    850000         5.3212        14.1538
    850000    2.2376    2.9413    2.4563    2.0998    3.1391    1.8191    2.2874    2.8077    1.4621    1.6112    2.0691    0.7328    2.4239    1.4350    2.7640    2.1795    3.0083
    850000      20.817301
    860000         9.9415        -2.1039        12.0454
    860000         4.1435        10.4809
    860000    1.5395    1.7927    2.9858    2.5207    2.5284    3.1055    2.8174    0.3760    1.8668    1.8878    2.8848    1.0939    2.8662    0.6380    3.0337    0.7267    2.8522
    860000      21.081317
    870000         4.6394        -1.3925         6.0319
    870000         7.0805        24.0033
    870000    1.9803    1.0900    2.6920    1.8864    2.7814    2.2767    3.0512    2.6547    2.4228    2.0649    2.6597    1.5613    3.1293    2.1742    2.9991    2.1245    3.0292
    870000      21.325332
    880000         8.7705        -1.9984        10.7688
    880000         6.9175        22.1660
    880000    2.2216    2.9683    2.8508    2.4478    1.7552    2.6188    2.9788    3.0227    2.9655    3.0939    3.0536    2.7421    2.5057    1.0281    2.8022    0.5473    3.0221
    880000      21.537346
    890000         4.2693        -1.8946         6.1639
    890000         3.9257        12.3134
    890000    2.0657    1.0159    2.3413    2.1699    2.7026    3.0330    2.9599    1.9026    3.0764    1.0717    0.7160    0.9489    2.4173    0.6475    1.5883    0.5389    2.8187
    890000      21.749359
    900000         5.7851        -7.8236        13.6087
    900000         3.1229         8.2259
    900000    1.8897    2.0156    2.5609    2.9692    2.8861    0.2270    0.1792    0.8632    1.1046    1.2347    2.2387    0.9482    0.8256    1.2334    2.3168    1.6895    2.5430
    900000      22.013375
    910000         8.8810        -7.5554        16.4363
    910000         2.5879         3.4431
    910000    2.0878    2.2423    2.4099    1.6793    2.2302    0.8509    1.2294    1.9459    2.9808    0.4212    1.9520    1.0689    2.4440    0.5772    1.6147    3.0446    2.6407
    910000      22.333395
    920000         4.9087        -5.9960        10.9046
    920000         3.2863         9.1001
    920000    1.5522    1.6330    1.1897    2.5002    2.6870    2.7332    2.1392    1.5334    1.6472    0.6831    0.6626    1.6214    1.5821    1.4661    2.3598    0.6439    2.8480
    920000      22.597412
    930000        13.8195        -2.5444        16.3639
    930000         6.4893        22.6504
    930000    2.1209    2.5756    2.8100    2.5829    2.7181    2.7965    2.8105    2.2143    2.5750    1.8224    2.7124    0.8273    2.8756    2.6889    3.0277    2.2050    3.1183
    930000      22.813425
    940000         6.8061        -1.6799         8.4861
    940000         5.4612        18.5100
    940000    2.0654    1.0048    2.8410    2.7057    1.9799    1.5575    2.9799    2.1694    2.9447    2.8808    0.7187    0.4347    2.8260    0.1762    2.6133    0.4442    3.1240
    940000      23.033439
    950000         8.8700        -1.6980        10.5680
    950000         3.3016        12.1510
    950000    2.2856    2.9923    2.4949    1.9540    2.0200    2.9323    1.6137    1.6409    3.0307    0.3748    0.5043    0.0318    0.8379    1.5757    2.6108    0.8833    2.0900
    950000      23.277454
    960000         7.8744        -4.4929        12.3673
    960000         2.0675         4.4184
    960000    2.2653    2.8435    2.5266    2.7709    2.9489    1.1530    2.9415    0.7488    1.5309    0.3365    1.2421    0.3162    2.1586    1.7054    1.1989    1.2669    2.6846
    960000      23.517469
    970000        10.2891        -4.8616        15.1507
    970000         3.4498         6.0632
    970000    1.7484    2.3053    2.8676    2.4264    2.6942    3.0243    3.0120    0.3872    2.0144    2.7414    2.4442    2.9006    2.4297    0.3149    2.9759    1.4172    2.2810
    970000      23.737483
    980000        16.1093        -1.7460        17.8553
    980000         7.1057        23.8495
    980000    2.1855    0.9633    2.9511    0.8936    2.8288    2.9905    2.7520    2.6708    2.8250    2.6754    3.0937    2.9229    2.5752    2.4220    2.6129    1.6884    2.9429
    980000      23.953497
    990000         8.3907        -2.4778        10.8685
    990000         4.9527        12.1136
    990000    1.9999    2.6616    2.7590    1.6343    2.9920    2.9822    1.8208    0.1346    2.7882    1.7467    3.0197    2.8539    2.9580    3.0163    1.7494    2.9346    2.8156
    990000      24.225514
   1000000         5.6191        -1.5595         7.1786
   1000000         4.8666        15.8472
   1000000    1.9773    0.9911    2.8318    0.7063    2.9913    0.9523    2.3312    2.5573    2.4186    3.0263    2.1485    2.3765    2.7382    2.5694    1.3547    2.3876    1.6138
   1000000      24.437527
