# Step CPU_Time_s
         1        -2.4178        -2.4178         0.0000
         1        19.1827        65.8810
         1    1.5445    3.1416    1.5179    3.1416    1.5177    3.1416    1.5177    3.1416    1.5177    3.1416    1.5177    3.1416    1.5177    3.1416    1.5177    3.1416    1.5177    3.1416    1.5177    3.1416    1.5177    3.1416    1.5177    3.1416    1.5177    3.1416    1.5177    3.1416    1.5177    3.1416    1.5177    3.1416    1.5177    3.1416    1.5177    3.1416    1.5177    3.1416    1.5177    3.1416    1.5177    3.1416    1.5177    3.1416    1.5177    3.1416    1.5179
         1       0.000000
     10000        20.3418        -5.7421        26.0839
     10000         6.6264        11.2086
     10000    2.4202    1.9027    1.2560    3.1242    2.0667    2.0910    1.1035    1.5572    2.5289    1.7380    1.8704    0.1809    1.1857    0.7409    1.7860    2.3345    2.1417    0.8083    2.7601    1.1810    2.0680    1.7017    1.8674    3.0283    1.3622    2.0477    1.8416    0.1545    2.1318    0.3546    1.5423    1.8068    1.1183    1.5839    2.6769    1.5836    2.0289    1.3607    1.9102    1.6611    1.0648    0.4113    2.5268    0.9367    2.1793    0.5707    1.8660
     10000       0.980061
     20000        18.4600       -11.6095        30.0695
     20000         7.0783         5.9887
     20000    1.8503    0.9568    2.3040    0.3180    0.6624    0.5928    1.8919    2.1863    2.7544    2.6442    2.6191    2.5547    1.6413    3.0782    1.8513    3.0195    1.5673    0.4921    2.7944    3.1176    1.8497    2.1680    2.7295    2.2676    1.9283    2.5532    2.6065    1.8598    2.5830    2.1834    2.9241    2.4863    1.7483    3.1101    2.0790    3.0724    1.7982    3.1336    2.2248    0.3053    2.5764    1.5604    2.1485    2.5373    1.4367    2.3011    1.0716
     20000       2.056128
     30000        18.1085       -22.3447        40.4532
     30000         4.0178         2.1114
     30000    1.9516    2.9365    2.9118    1.6643    0.3125    0.7389    2.2934    0.9937    2.8191    1.4748    2.3225    0.8765    2.3677    1.7140    2.5807    3.1403    2.4319    2.1925    1.4828    1.3938    0.2491    2.3781    1.5195    1.7747    1.9924    2.4376    1.5394    0.0980    0.5031    3.1117    1.9116    0.1941    2.1808    2.4014    0.3898    2.8320    0.6069    2.9930    1.9503    2.9247    1.8182    0.4341    2.8360    2.6054    0.9619    3.0922    1.7697
     30000       3.144196
     40000        21.9966       -21.3683        43.3649
     40000         4.9291        12.1901
     40000    2.1631    2.6409    2.3805    0.3369    2.6772    0.5032    2.3857    0.3637    2.3157    2.6322    2.1345    2.4692    2.2680    2.1979    0.9179    0.2655    0.6280    0.2686    2.4246    1.7606    0.0598    0.9632    1.9960    0.6170    1.6718    1.6932    3.0451    1.8049    0.0949    2.5391    0.6783    2.4446    2.7365    2.3366    2.1827    2.2146    0.4679    1.3455    1.6677    0.4600    0.7109    1.7790    0.4760    0.3531    1.9007    0.0529    0.8582
     40000       4.320270
     50000        19.0738       -21.5852        40.6590
     50000         2.8565         8.8440
     50000    2.0977    2.7520    2.8424    1.0284    2.5130    0.7860    3.0790    0.5930    2.9999    1.2749    0.5419    2.2020    2.9744    2.4667    0.6866    1.0378    1.3121    0.9662    1.0982    2.3821    0.7183    1.2383    2.4478    1.4276    2.1491    0.6520    1.5573    0.5296    0.0993    2.8600    0.3842    0.8566    1.2293    1.6288    0.0561    1.9635    1.5689    2.0804    2.2294    1.5658    0.4005    1.1387    1.9771    2.2438    0.8129    1.8840    0.0494
     50000       5.516345
     60000        14.1098       -19.5887        33.6985
     60000         5.7078        20.1488
     60000    1.5227    1.5272    2.9099    0.5170    1.9254    0.3942    3.0606    0.5395    2.9892    2.9595    2.1049    2.8215    2.3040    0.5620    2.4054    0.2641    0.7449    0.2055    2.7953    2.6462    2.4058    2.4035    2.0215    0.6370    3.1237    0.5248    2.9615    0.8942    1.0209    2.2114    0.4739    2.7514    1.9108    0.0352    1.0568    0.7119    2.9836    0.2326    1.4751    2.8996    2.9317    0.4073    3.0127    2.5148    1.7457    3.0538    1.2316
     60000       6.696418
     70000        15.6391       -23.9287        39.5678
     70000         4.6573        14.8477
     70000    1.9616    2.7048    2.8433    1.0488    2.4200    1.2433    2.6069    0.5801    2.8295    1.2572    2.3094    0.4228    2.8573    1.5225    2.4639    1.5958    0.8877    1.4487    1.0394    2.2102    2.0973    2.4890    2.0283    0.5584    2.7250    0.5302    2.9591    0.2372    2.3927    2.5486    1.0168    1.3813    2.1963    2.8048    1.0498    2.2459    2.7985    0.6010    2.2186    1.8357    2.0445    0.2928    2.7426    0.9501    0.6298    0.2404    1.8866
     70000       7.864491
     80000        24.0625       -20.2944        44.3569
     80000         4.6087        13.6668
     80000    2.0426    2.1345    2.3910    2.7423    2.7549    1.2660    2.4713    0.3537    2.6877    2.3892    2.6463    0.7077    2.0346    0.6970    2.9802    0.2751    1.9297    0.1661    2.2715    2.1581    1.0921    1.2437    0.2354    0.0723    0.8094    2.8388    1.0161    1.9629    1.8735    1.9663    2.2120    0.8934    2.2647    1.0744    2.7629    0.1156    1.1337    1.9594    2.7198    0.2356    3.0951    0.5506    2.0150    1.1940    3.1035    1.3606    3.0010
     80000       9.052566
     90000        15.1554       -24.6034        39.7588
     90000         4.1635        11.4062
     90000    1.3369    1.3361    3.0216    0.5951    1.6883    0.5571    2.9589    0.3239    2.8685    1.5600    2.4974    2.1969    2.1966    1.3349    2.4495    1.0571    0.6049    0.8174    2.6443    2.7435    2.7073    2.5697    1.4017    0.3412    2.7161    0.8354    2.6421    1.0932    1.9408    2.7067    1.3280    1.4382    3.0915    1.4058    2.0006    1.6028    2.4138    1.4380    1.9809    3.1377    2.8243    0.0410    1.7646    0.4642    0.6042    2.8991    0.8309
     90000      10.244640
    100000        13.5062       -24.3610        37.8671
    100000         5.0598        16.6280
    100000    1.3238    1.2403    2.9726    0.6377    1.7271    0.6372    2.9280    0.9587    2.8362    3.0800    1.9675    2.5017    2.5122    1.9628    1.6126    0.3684    0.7119    0.1982    2.7507    2.3627    1.4524    1.5274    0.3917    1.1204    1.9641    1.9043    1.9351    1.7630    1.3153    2.7028    1.6134    1.7470    2.8609    0.3865    3.0756    0.1737    1.5792    0.5451    2.0713    2.6837    2.7117    0.5609    2.7859    1.7662    1.1717    1.5450    0.2368
    100000      11.448715
    110000        21.9265       -20.6642        42.5907
    110000         7.9849        20.4774
    110000    1.5807    1.2937    2.8639    0.9647    2.4268    1.1917    2.7869    1.9714    3.0714    2.7166    2.1083    2.7007    1.9532    2.9290    1.7276    2.8209    2.1297    0.0621    2.6694    2.9768    1.0302    0.8321    3.0776    0.1881    1.6006    0.4553    2.9012    1.5089    2.2310    1.7566    2.2706    2.5796    2.8756    0.5441    1.7985    2.0197    2.0540    1.0591    2.9554    1.8039    2.1186    1.1858    0.6486    1.2054    2.6119    0.8113    0.4067
    110000      12.620789
    120000        22.7398       -23.2795        46.0193
    120000         4.8787        12.2448
    120000    2.1772    3.1224    2.8367    2.8045    2.8606    3.0635    2.4862    2.2858    2.4070    2.9757    2.2500    0.3060    2.4506    0.4879    2.5072    3.0386    2.8347    1.1850    0.8707    2.5866    1.1371    2.5677    1.3083    0.8761    1.0478    2.9116    0.9278    1.9015    1.1090    1.8788    0.8170    1.7057    1.9155    2.4268    2.8933    3.0428    0.7403    2.7534    2.9059    0.5211    1.9901    3.1239    0.9477    2.1533    2.5674    0.6894    1.3971
    120000      13.832864
    130000         8.0747       -29.5379        37.6126
    130000         3.9677         7.9677
    130000    1.8895    1.6429    3.0748    1.0179    1.5895    0.5238    3.0064    0.2964    3.0209    2.7051    1.7486    0.4528    2.4375    1.2739    2.6264    2.7215    2.1865    0.9690    0.9873    1.9654    1.7843    1.5714    1.1871    0.0020    2.8203    2.0149    2.0732    0.1936    0.1290    2.8481    3.0893    0.3153    0.0499    3.1255    0.4483    0.3440    0.8129    1.8026    0.2549    1.3520    2.5612    0.8436    1.4506    2.9815    1.6816    3.0108    2.1369
    130000      15.056941
    140000        20.2659       -21.4195        41.6854
    140000         7.8742        21.4812
    140000    2.0831    2.8679    2.6752    3.1121    2.9544    2.6946    2.9817    2.6462    3.1276    2.7668    3.1250    1.3225    3.1064    1.3359    2.0250    2.9362    1.7955    0.5176    2.0618    2.6379    1.9143    1.6133    0.8476    0.4817    2.5618    2.6937    2.3093    0.0881    2.1849    0.4734    1.6784    0.8630    2.1607    0.6860    2.7724    1.3869    1.6329    2.2219    1.6172    2.4383    2.4002    0.1917    2.0737    1.7571    2.0255    1.5769    3.0034
    140000      16.273017
    150000        10.9407       -24.6881        35.6288
    150000         6.6958         7.6433
    150000    1.9469    1.2215    2.6618    1.5097    2.9303    1.3876    2.8825    0.8621    3.0665    2.4405    2.9458    1.8385    2.8763    2.2168    2.2775    1.8735    1.7024    2.2365    3.0310    1.5113    2.6840    2.5356    2.6342    0.9292    1.6929    2.5283    1.1138    1.3993    2.2596    1.7731    2.8591    2.6620    2.0778    1.6065    2.4657    1.5006    3.0397    2.1893    2.4601    1.1523    2.9826    3.0481    1.5563    2.7892    1.5931    2.4566    2.6742
    150000      17.485093
    160000        22.5201       -16.5646        39.0847
    160000         3.6956         2.5666
    160000    2.1613    2.8600    2.4951    1.1476    2.6387    2.0057    2.4004    1.7575    0.1693    0.2584    2.7089    0.7592    0.9877    1.0039    2.4388    1.5466    0.0063    1.1229    2.7049    0.9310    1.7592    0.1689    2.5479    0.3329    1.8697    0.4128    2.5378    0.5584    2.9948    2.1486    1.9236    0.7009    0.2416    1.6280    2.0196    3.0973    0.9240    1.2620    2.0422    1.2373    1.3224    0.4667    2.5029    0.4994    0.5035    0.0495    0.0438
    160000      18.717170
    170000        13.2934       -23.5144        36.8078
    170000         5.6598        17.0599
    170000    2.0701    2.4140    2.7902    1.1292    2.6534    1.5413    3.0668    1.4023    2.7788    2.1035    2.8130    3.0518    3.1352    1.6757    2.3042    0.3708    0.3639    2.2241    2.6489    0.5113    1.0953    0.2715    2.2074    0.0404    2.3710    0.4620    2.9685    0.9500    2.2037    2.9102    1.0800    1.9400    1.3452    0.0436    2.2178    0.8467    0.7854    0.5280    2.1757    1.9798    0.4216    2.4570    1.9687    2.9863    1.1020    2.4398    0.3038
    170000      19.901244
    180000        10.2039       -27.7740        37.9778
    180000         3.3312         4.3025
    180000    1.3365    2.6746    1.5922    0.7263    1.2674    0.7099    0.9966    0.2166    1.8228    1.9498    2.4224    1.6273    1.7914    1.7666    2.3712    0.1818    1.2548    1.2270    1.8490    2.0122    2.1529    2.2084    1.1421    1.2474    2.6633    0.8221    2.7914    0.3084    2.1482    2.8314    3.0319    0.4828    1.2796    1.2581    2.6659    0.8766    2.1070    1.4615    0.1847    0.9358    2.3718    0.1036    2.1175    0.8086    0.1109    1.2227    0.1059
    180000      21.129320
    190000        14.3956       -26.3672        40.7629
    190000         8.0962        18.0733
    190000    2.2064    2.4922    2.9172    2.2672    2.8002    2.3013    2.6794    3.1021    2.9329    2.2160    2.9729    1.7784    2.0203    2.7341    2.3408    2.1857    2.0196    0.6063    2.7141    2.5534    3.0137    2.6982    2.7430    1.6536    2.1281    0.4926    3.1241    0.6327    3.0351    1.4761    2.9318    1.0116    1.2617    2.3478    3.0224    0.9192    1.4447    0.6739    3.0717    2.3359    2.3322    2.5380    3.1392    2.8706    2.9159    2.9399    3.1265
    190000      22.357397
    200000        11.7621       -27.0529        38.8150
    200000         5.0676        12.7764
    200000    2.1416    2.6480    2.5481    2.9385    2.9960    3.0848    3.0385    2.9020    3.0410    2.8062    2.8358    0.4393    1.5154    0.1676    2.6073    2.4066    1.0274    2.0894    1.6571    2.5746    1.5989    1.7822    1.3965    0.8234    0.8251    3.1391    0.0042    0.7417    1.1941    1.1059    1.6199    1.0996    0.1977    1.1532    2.9732    0.2205    2.1207    1.5891    2.1069    1.2844    2.2006    0.3853    1.3005    2.4020    2.1431    2.0197    2.6341
    200000      23.597475
    210000        10.5955       -26.7742        37.3698
    210000         4.8881        10.5622
    210000    1.2436    0.5331    1.5812    0.2047    1.6915    1.2035    0.2222    2.0811    2.4137    2.2056    2.7343    0.6888    0.2585    1.1042    0.3795    3.0399    2.7825    1.6651    0.9984    1.0673    1.0201    1.7447    0.8927    0.5618    0.5895    2.9412    1.0879    1.6572    1.0264    1.4935    2.8442    0.5623    1.6285    1.4944    2.6205    0.8229    2.2996    1.0041    1.9110    0.5220    2.8295    2.7442    1.7529    2.9469    1.7417    2.8943    2.6232
    210000      24.845553
    220000         8.4963       -29.5389        38.0351
    220000         6.6474         7.5923
    220000    1.9246    1.1041    2.6211    1.2269    2.8114    0.6715    3.1412    2.8125    2.9539    2.2810    3.0894    1.7182    0.0374    1.9694    2.8595    2.7719    0.3288    1.2683    2.5259    1.3611    0.0987    2.6344    2.4172    0.9359    1.3192    2.2889    0.5484    1.3683    1.6758    0.0757    1.4447    0.2541    2.0404    1.4168    1.9185    1.8519    2.6943    2.6263    2.5593    0.4375    2.8319    3.0366    1.6996    2.8435    1.6922    2.4326    2.9411
    220000      26.117632
    230000        10.9288       -28.3533        39.2821
    230000         6.7055        19.1096
    230000    2.1819    2.7889    2.8350    1.0573    2.8945    0.9000    2.9117    1.7009    1.9599    0.5031    2.9147    2.2466    3.1113    2.7054    1.7591    2.3709    0.8825    0.5926    1.7654    1.3852    0.7434    1.3643    1.9802    0.1471    1.7103    0.2531    2.3070    0.4802    2.6881    1.6639    2.7622    0.8995    0.5773    0.7404    1.4825    1.8987    1.5337    1.1757    2.5895    2.9028    2.1932    0.6366    0.1902    2.7452    2.8658    2.4532    0.6724
    230000      27.357710
    240000        12.0723       -28.1991        40.2715
    240000         7.6192        23.1166
    240000    1.6547    1.5337    2.8539    0.9085    2.9982    0.8738    3.0699    2.2846    3.0783    2.9541    2.9218    2.4231    2.5327    2.5600    2.4969    2.8238    2.5367    1.9292    2.3744    1.9426    0.2539    1.6600    0.5461    1.7218    2.5231    0.9792    2.7374    1.4441    1.9408    3.1309    1.3831    2.0061    1.3319    0.4313    2.0974    0.8629    1.0498    0.8992    1.9884    2.1420    1.1911    3.0244    1.4119    2.6615    2.6128    3.0832    0.3064
    240000      28.581786
    250000        17.5775       -21.2154        38.7929
    250000         3.0942         7.5513
    250000    1.2718    2.7318    1.1608    1.8003    1.3287    2.5692    1.1813    0.8884    2.6829    2.0119    2.7263    0.9605    1.0990    1.0292    2.7231    0.8552    2.0186    1.9246    0.5057    0.5334    0.0809    1.6329    1.3479    3.0261    1.2441    1.9048    1.3825    0.0616    2.0671    2.9306    2.0138    1.0655    3.0718    2.9024    1.7467    2.7865    0.2609    2.4818    1.2160    1.0018    1.9466    0.1794    1.3671    0.8612    0.0021    3.0558    0.2769
    250000      29.793862
    260000        16.1257       -23.3383        39.4641
    260000         5.2768        14.5354
    260000    1.9468    2.2578    3.0380    2.1379    2.9686    2.2587    0.1978    2.3600    2.4974    0.6714    2.6179    1.6390    1.6136    2.8319    3.0193    2.2546    2.6628    0.7346    2.3981    1.7509    0.8625    2.4916    3.1096    1.2966    1.5562    2.6145    0.9059    0.8175    2.7970    1.9993    2.9588    0.5146    0.8209    0.8976    2.9724    1.9941    2.6489    2.5956    2.8593    0.4792    2.1700    1.2698    2.6796    1.9934    1.2419    2.1105    2.9505
    260000      31.005938
    270000        14.0339       -30.7209        44.7548
    270000         3.0752         4.0460
    270000    2.0396    3.0518    2.5899    1.6328    2.1601    1.8641    0.4225    0.2629    2.0613    2.0461    2.9313    3.0797    2.0598    1.0499    2.8845    0.1176    2.0883    2.3910    0.0877    1.0892    1.2416    2.0308    2.1440    1.2443    1.1256    1.1199    2.5691    0.5657    2.1164    2.7810    2.6016    0.1973    2.3871    0.3848    0.9664    2.4696    0.6316    0.6422    1.1917    0.0546    0.5155    0.3686    2.2975    1.4752    0.0696    0.4897    0.1386
    270000      32.230014
    280000         8.7757       -30.4317        39.2074
    280000         4.4444         3.3837
    280000    2.1462    2.1871    2.3916    1.3045    2.3918    0.3790    2.0072    0.5666    2.8820    2.6166    2.6686    1.1096    2.4910    0.6804    2.4330    3.1061    3.0519    1.1215    2.4849    3.0175    2.3406    1.9550    1.2287    0.1492    2.1742    2.5074    1.7165    2.0568    1.0720    3.0179    1.5692    1.5479    2.9525    1.7976    2.1410    3.1071    0.6940    2.5040    2.8203    0.0683    2.6963    0.6656    0.3669    1.8300    2.8117    2.1531    2.5234
    280000      33.478092
    290000        13.5533       -28.9466        42.4999
    290000         3.6650         4.9693
    290000    1.3029    2.8817    1.7229    1.1386    1.4474    2.8873    2.7025    0.6711    3.0578    2.8693    2.6952    1.1558    1.9812    0.6653    2.7793    0.8979    2.9495    0.8325    1.2050    1.9984    2.1383    0.9751    2.4404    1.6340    1.8662    1.2055    2.9165    0.0891    0.8851    2.9720    3.1275    0.1975    2.1761    0.8897    2.1168    0.4903    2.1016    0.6627    0.1732    0.7353    1.0431    0.2414    1.1861    2.7521    1.2771    0.0276    1.8544
    290000      34.710169
    300000        11.0208       -28.5185        39.5392
    300000         4.2402         6.1159
    300000    1.3404    1.4857    1.5322    0.5445    1.8807    0.2401    1.6713    1.4442    0.3190    1.5794    3.1210    0.4842    0.8261    0.1106    2.6707    3.1375    2.2981    2.1991    2.3762    2.8060    1.9944    1.7377    1.3172    0.5180    1.3133    2.8683    0.0626    1.5007    0.1777    2.8967    1.2552    0.9937    1.9464    1.8115    2.3220    1.6723    2.1361    2.8730    2.7469    0.1908    3.0894    2.9622    2.7766    1.4020    1.8933    2.8419    2.4293
    300000      35.950246
    310000         5.6514       -30.7024        36.3539
    310000         7.7169        19.6795
    310000    2.2485    2.8765    2.7738    2.8804    3.0623    2.9821    3.0715    2.8083    2.9661    2.9032    2.8856    1.9030    2.8721    1.9197    2.3962    3.0643    1.7851    0.3893    2.8593    2.8520    2.9128    2.4319    0.9445    0.1226    2.3897    2.6299    2.3225    0.3372    2.7465    1.7629    2.4850    0.4254    2.4153    0.4498    2.2505    2.0127    0.2894    2.7161    3.0174    1.4659    2.0566    1.0434    1.5604    0.1582    1.9217    1.0626    3.1336
    310000      37.190324
    320000         7.0688       -27.2378        34.3066
    320000         5.8478        12.8751
    320000    2.1963    2.8680    2.7283    2.7719    2.8338    3.1299    2.6940    0.9996    2.5527    0.6396    2.8434    1.8178    2.4219    1.7197    1.9226    2.4581    0.7992    0.1839    2.9615    1.6966    2.4660    2.3108    2.9850    0.2057    2.3471    0.1137    2.7517    0.5161    3.1101    1.5796    2.4104    0.5933    0.3607    1.7345    1.9025    1.9308    0.1873    2.7417    2.9563    2.3385    1.0223    2.6453    0.7878    1.2942    2.3519    1.3464    0.0851
    320000      38.414400
    330000        10.1524       -28.3105        38.4629
    330000         6.9895         6.4653
    330000    1.8944    2.0862    2.9618    2.3642    2.9707    0.8897    2.0034    3.0726    2.8603    1.9733    2.7946    1.8929    1.3176    1.2376    2.2809    2.9507    1.6607    0.6535    3.0462    2.9893    2.5999    1.4487    2.6847    1.6554    2.4033    2.4608    1.1628    1.1653    3.0509    0.6369    2.3679    1.3816    1.7511    2.9456    2.3490    2.8744    1.7379    1.4856    0.9456    0.8750    2.5620    1.6588    2.5442    3.0074    1.6685    2.7111    2.4679
    330000      39.642477
    340000        10.1299       -27.2902        37.4200
    340000         6.4250        14.3226
    340000    2.2240    3.0628    2.7272    3.0115    3.0212    3.0802    3.0577    2.9943    3.0515    2.6785    3.0099    2.4652    3.0860    1.9274    2.8620    2.0311    0.1426    1.1159    2.8178    3.1315    2.5195    1.7885    2.8631    0.4051    2.5971    1.8959    2.8007    0.3342    2.8286    1.1090    1.9575    2.5035    1.5241    3.0273    2.6629    0.8475    1.6786    0.8549    2.7128    1.7176    2.2099    0.2245    0.8779    2.0178    2.6349    1.3964    3.0866
    340000      40.878554
    350000        10.1023       -26.3889        36.4913
    350000         4.2187         7.4988
    350000    2.0952    2.9105    2.5895    3.0226    2.9988    2.7779    2.2071    1.2351    3.0851    0.2658    2.4873    0.2269    1.0292    0.1302    2.5193    2.2523    3.0150    2.5145    2.2865    3.0667    1.8992    1.4651    1.6632    0.5496    1.0424    3.0811    0.2329    0.5385    2.2300    1.1042    2.5085    1.5583    1.9892    2.8445    1.5107    2.9927    0.5689    2.7434    2.8623    1.0124    2.1173    0.6926    0.5555    1.2550    1.3842    1.6483    3.0037
    350000      42.102631
    360000         8.1253       -24.3783        32.5036
    360000         7.8593        16.2771
    360000    2.2125    2.6800    2.7762    2.6619    2.9432    2.8037    2.9552    2.9724    2.8710    2.9762    2.9183    2.6080    2.2123    2.8225    2.2838    2.2629    1.9312    0.6287    3.1089    2.6911    2.7552    1.9808    3.0897    0.5430    2.8636    0.9859    2.5502    0.8008    2.6130    1.4560    3.1285    3.0137    3.0307    2.6906    2.3947    2.3880    1.0409    1.4429    2.5180    2.3768    1.6936    2.2899    2.6759    2.7823    2.8742    2.7453    3.0833
    360000      43.310706
    370000        11.8172       -24.6131        36.4303
    370000         6.3418        14.2460
    370000    1.8026    1.2836    2.4421    1.1311    3.0262    0.8740    1.1355    1.9543    2.5092    2.4270    2.5121    1.4461    0.6930    1.9498    3.1159    2.8980    0.1480    0.2250    2.8141    0.9750    0.9385    0.4149    1.1497    0.0542    1.6138    2.1622    1.9820    1.9465    1.4299    2.6079    0.3416    2.4492    1.6900    0.6359    1.2338    1.6917    0.9361    0.4932    0.6304    0.7502    1.9909    2.6183    1.0889    3.0307    1.3556    2.6673    2.4310
    370000      44.538783
    380000         7.8928       -28.5751        36.4679
    380000         6.7250        16.1662
    380000    2.2062    2.6422    2.7724    2.4290    2.7466    2.4032    2.9779    2.9186    2.9089    2.9295    3.0820    1.4843    2.4446    1.0406    2.7369    2.3518    0.3054    0.9514    2.7710    1.3217    1.9533    1.3860    2.8520    0.0255    2.9434    1.2659    3.1099    0.3132    2.9034    1.2080    2.7014    1.3662    1.0270    2.7208    2.6581    1.1954    0.0706    2.4714    2.9932    2.1964    2.5769    0.2385    0.2328    2.5527    2.6319    2.1769    0.3727
    380000      45.782861
    390000        12.3835       -22.9673        35.3508
    390000         5.4428        11.1752
    390000    2.1310    2.8313    2.7774    2.7497    2.8738    2.6376    2.8245    2.7224    3.0322    2.8408    2.7337    0.5361    2.3237    0.1119    1.0676    2.6345    3.1105    1.6482    2.4137    3.0841    2.2847    1.9734    1.3995    0.5492    1.3592    2.9561    2.0101    2.4003    1.1177    2.7902    1.9027    1.1756    2.3536    1.3065    2.0855    2.5754    0.5793    2.9441    2.9490    1.1299    2.1607    0.4649    0.2860    0.8482    2.6144    1.6259    3.1152
    390000      47.026939
    400000         6.1907       -29.0215        35.2122
    400000         6.5056        18.4745
    400000    2.0327    2.2306    2.8308    0.9538    2.7026    0.6941    2.9816    0.8727    2.8605    2.1748    2.9265    2.6810    3.0481    2.6138    2.4765    0.1693    0.6224    0.9805    3.0832    0.8362    2.0124    0.8423    1.6976    0.0862    2.2415    1.5777    3.0979    0.9088    2.5828    2.6117    1.6162    2.7276    2.0897    0.0872    0.8455    2.9518    0.9341    0.6154    2.1256    2.7409    1.8597    1.2662    1.1214    2.6177    1.6151    2.9263    0.1419
    400000      48.279017
    410000         5.1618       -27.0228        32.1846
    410000         5.3380        12.0628
    410000    1.1935    3.1153    1.4833    2.2436    2.2551    2.8749    0.8671    1.3413    3.0673    1.5894    2.7711    2.3850    1.3372    2.1464    3.0523    1.7518    1.6812    1.3454    2.2501    0.4754    1.2432    2.4082    0.3693    1.4978    1.4743    2.6921    1.0790    0.6042    3.0697    2.0398    3.1117    0.7956    0.7835    0.9537    2.5521    2.0219    2.8569    2.4535    2.9612    0.5811    2.2655    0.9818    2.9237    1.9799    1.1889    1.9023    2.9345
    410000      49.531095
    420000        11.9499       -30.0997        42.0496
    420000         3.8220         6.0334
    420000    1.8636    1.2385    1.7519    0.6410    2.0090    0.0371    2.9158    0.1922    3.1227    2.9561    0.7910    0.4767    2.7600    0.9438    2.9397    2.6647    1.5627    1.3434    2.4213    2.5727    2.2855    2.0572    0.8343    0.4903    1.0136    1.4872    2.6015    1.0645    1.4024    2.0875    2.9965    0.7275    2.3554    1.0886    2.9845    0.5486    0.7471    1.2360    0.1050    0.0074    0.8221    2.7980    2.5534    2.7767    2.6285    1.9785    1.9839
    420000      50.799174
    430000         3.1353       -29.5889        32.7241
    430000         6.6639        19.9337
    430000    1.7431    1.7463    2.8871    0.8547    3.0732    0.7877    3.0289    1.2374    2.9123    2.2513    2.8110    2.4816    2.5230    2.1677    2.5565    0.5625    0.8433    1.2369    3.1203    1.0706    2.1619    1.2565    1.0066    0.4951    2.3744    1.2488    2.9378    1.1650    1.8214    2.7329    1.2205    2.7677    2.3680    0.1793    2.3660    0.8582    0.7151    0.3802    2.7809    2.5049    0.7845    1.7547    0.8091    2.2964    2.1875    2.3216    0.4881
    430000      52.055253
    440000        13.0153       -28.6770        41.6923
    440000         4.2950         3.4512
    440000    1.6620    2.8384    3.0586    0.3940    2.6999    1.2273    1.9402    1.2681    1.1723    2.6203    0.6870    2.1293    2.4495    2.7832    2.0422    2.4774    1.5107    0.5211    3.1412    0.8782    1.3558    1.7716    0.0297    1.3022    1.4079    1.7671    2.2014    0.3213    2.5161    2.6109    3.1383    1.0199    0.9861    0.2352    2.5023    2.3762    1.3622    0.2886    1.1839    0.3860    2.0596    0.4554    2.4370    1.3210    1.0666    1.8799    1.0478
    440000      53.319332
    450000        17.7723       -26.0225        43.7948
    450000         6.3120        18.3257
    450000    1.8935    2.0316    2.8793    0.9475    2.9981    0.8209    3.1100    1.1439    3.0430    2.1483    2.9627    2.5268    2.6988    2.0472    3.0322    1.0715    0.6011    0.7636    3.0179    0.9356    2.2269    1.1776    1.4301    0.2003    2.9034    0.9826    2.9907    1.2117    1.8393    2.9115    1.3521    3.0065    1.9890    0.1259    1.7866    1.6238    0.4419    1.0612    1.7737    2.4894    2.6587    0.8565    0.2244    1.0318    0.9944    2.3599    0.5743
    450000      54.583411
    460000        12.2229       -29.0288        41.2517
    460000         4.2052         8.1492
    460000    2.1196    2.9462    2.7767    2.4770    2.3375    2.1770    2.8583    0.0497    2.9926    0.3010    2.4449    0.4623    0.7700    0.7374    2.7428    1.3767    2.1662    1.6797    1.7193    1.8067    1.4843    0.8817    2.3100    0.4833    1.0316    2.4686    1.4006    0.2396    2.3735    1.6648    1.7540    0.2844    1.1017    2.3703    1.2108    2.6052    0.6886    2.8910    2.6896    1.9176    2.9667    0.4886    1.6107    1.6761    0.9835    2.2395    2.4407
    460000      55.831489
    470000        11.6408       -27.3758        39.0166
    470000         4.9356         5.3555
    470000    2.0996    3.0703    2.6280    3.1193    1.5674    1.2371    2.4295    1.5639    3.0897    2.8104    1.5366    0.1960    0.4253    1.1209    2.9697    2.1886    2.7011    1.0237    0.9931    1.1625    1.7316    0.5332    3.0118    0.1088    1.7670    2.6624    0.0002    1.4957    0.3666    2.2892    2.8245    1.6501    2.9534    2.0535    2.8062    2.2425    1.6661    3.0120    3.0458    0.0767    2.4721    2.4184    2.5896    2.8862    3.0837    3.0389    2.8835
    470000      57.091568
    480000        13.3884       -29.8989        43.2873
    480000         4.1238         6.1558
    480000    1.4230    2.9604    0.5283    0.3676    1.5801    3.1374    1.2691    2.7846    2.2961    1.9816    2.2945    0.4893    0.5354    0.0017    2.7163    1.6225    2.4545    1.9058    2.8332    2.1684    2.3346    0.3506    2.9415    0.6163    1.7458    2.7696    0.2803    1.1964    1.5736    1.6873    2.8190    1.0941    2.8010    0.9376    3.0461    2.3489    1.9630    2.9589    2.8450    0.6749    2.1814    1.6975    2.0833    2.8747    1.1032    2.8880    2.8552
    480000      58.355647
    490000        12.6975       -25.2257        37.9231
    490000         5.4117         7.2601
    490000    2.0901    3.0991    2.6474    2.9740    2.1297    1.0503    2.7061    1.0177    3.0438    2.9200    1.8835    0.0003    0.1849    0.4609    3.0288    1.6387    2.7967    1.9291    0.8774    2.1693    1.8786    0.3502    2.8566    0.4286    1.4034    2.9629    0.2318    2.2115    2.0483    0.8732    2.6530    2.1408    2.4941    1.2344    3.0019    2.2342    1.7899    3.0446    2.9962    0.4331    2.3834    2.7530    2.3410    2.6761    2.1045    2.8648    3.0850
    490000      59.603725
    500000         8.1044       -30.5138        38.6182
    500000         5.9708        16.1680
    500000    1.9818    2.1284    2.8079    1.7551    2.7256    1.4954    3.0627    1.9072    2.4574    1.7232    2.8203    0.8640    2.1981    0.4530    3.0326    1.9017    0.3182    0.8839    2.9941    0.4692    1.2953    0.5161    1.6536    1.6884    1.1028    1.5697    2.9939    0.5092    2.7982    3.0366    1.5882    1.1170    2.0197    0.3125    2.3093    1.1901    0.5218    1.2285    1.6774    3.1089    2.3830    0.5723    0.6032    2.0820    1.3898    2.9498    0.1907
    500000      60.859803
    510000         8.7845       -30.0557        38.8403
    510000         4.2255        12.8312
    510000    1.7986    0.6966    2.8356    0.2231    3.0108    0.2823    3.0447    0.1036    2.8608    2.7308    1.4263    0.8760    3.0570    1.8657    2.5638    2.6272    1.2089    1.8315    2.9081    2.7149    2.5344    1.8513    0.0099    0.1694    1.5235    1.2086    2.9471    0.9507    2.1129    2.6456    3.1238    0.9077    2.7995    0.0999    2.9115    0.5228    0.6048    1.8509    0.5009    0.9761    0.1046    1.3279    2.7734    1.3929    1.2352    1.3391    1.5635
    510000      62.123882
    520000         6.8923       -29.9822        36.8745
    520000         5.6923        17.0039
    520000    1.4952    1.3220    2.9317    0.7080    2.9850    0.5662    3.0759    0.6362    2.8979    2.1626    2.4835    0.0183    2.7106    1.0896    2.8453    3.1153    1.3270    2.0009    2.8292    2.7627    2.1807    1.5113    0.2060    0.0662    1.7095    1.3197    3.0864    0.9215    2.1462    2.7600    1.6494    2.2285    2.4981    0.2038    2.5228    0.6794    0.6546    1.5955    1.1789    1.8119    0.4718    1.6736    2.1941    1.1483    1.1079    1.4860    0.6703
    520000      63.391961
    530000        14.3524       -23.7773        38.1297
    530000         5.0779        12.6030
    530000    1.4571    2.1635    1.6105    1.9317    0.6818    0.4792    0.8946    0.0214    3.0281    2.8301    2.2091    0.5762    2.3353    0.0436    2.0198    1.2138    3.0957    1.6737    0.8912    1.3591    0.5163    2.4219    2.6994    0.4042    1.5425    2.8606    1.0481    2.4605    0.8851    2.0176    2.9343    0.3669    1.5823    1.2727    2.8300    0.8290    2.7741    1.8741    2.2978    0.0793    3.0829    2.7459    2.5994    2.8091    2.5317    2.7812    2.3458
    530000      64.640039
    540000        17.2160       -22.7544        39.9704
    540000         6.7954        17.5003
    540000    1.8470    1.1666    2.5625    1.0151    2.5259    1.5166    1.9527    0.4743    3.1129    2.1755    1.6556    2.4659    1.9753    0.1303    2.5469    2.2467    0.7846    0.4923    2.5451    2.1946    1.9305    1.7535    1.8512    0.2669    1.5566    2.8897    0.7004    1.4901    1.3346    2.2643    0.7529    2.7047    2.2929    0.8270    2.5567    1.0241    3.0752    2.0171    0.2965    0.2174    0.8289    2.5694    1.5852    2.5166    2.2486    2.7230    1.7422
    540000      65.888117
    550000        12.3786       -26.2960        38.6747
    550000         4.9791        13.0649
    550000    2.0667    3.0659    2.6949    2.4096    1.6896    2.8696    2.9060    1.4687    2.7671    1.0915    1.3253    0.3814    0.9858    0.8603    2.5674    1.6191    1.4450    2.2123    0.8354    1.8837    0.8589    0.9323    1.9344    1.3076    1.0929    2.4190    1.1086    0.5480    2.7164    1.6423    2.8771    1.0969    2.3735    2.5319    1.3535    2.6106    1.0987    2.5586    2.6695    3.0752    2.2088    0.0645    1.6627    2.4620    1.1262    2.5619    2.7704
    550000      67.120194
    560000        14.5741       -24.5181        39.0922
    560000         4.1959        10.2219
    560000    2.0676    3.0477    2.9902    3.0227    1.2617    2.9202    2.8330    1.8930    2.5648    1.7484    2.0058    0.3063    1.5665    0.6167    3.0125    2.2880    1.5992    2.1537    2.4216    1.8717    1.0102    0.7493    2.3671    0.6788    0.8994    2.1528    1.4519    0.2436    2.8166    2.2065    2.2400    0.7871    1.9172    2.0399    2.0488    2.4221    0.4278    2.4671    2.6319    3.1136    2.1555    0.4747    1.2511    1.6715    1.5665    1.4794    2.6541
    560000      68.352271
    570000         7.8449       -25.5854        33.4303
    570000         6.9615        17.4256
    570000    1.9798    2.7602    2.6750    3.1395    1.8375    2.5384    2.3024    2.3240    3.0452    1.6635    1.1702    1.0568    0.0633    0.3260    2.9887    1.7211    2.1505    2.4072    2.6863    0.1035    1.4902    2.5635    0.4688    1.1449    1.5897    2.8959    0.9284    1.0595    2.6384    1.5977    3.1201    0.8605    1.7794    1.0345    1.9768    1.9930    2.9619    2.9069    3.1051    0.1268    2.2890    1.6537    2.2142    2.0645    1.3361    1.9824    3.0575
    570000      69.576348
    580000        12.7997       -22.2453        35.0450
    580000         5.1499        10.8222
    580000    2.1650    2.9209    2.7500    2.5897    2.7586    2.6348    2.9496    2.5563    1.8909    1.7786    2.4420    0.6774    2.1148    0.4474    2.9180    2.0544    1.4801    1.8320    2.9988    0.3006    0.4820    0.6883    1.6834    0.4822    1.6781    1.6302    2.6541    0.0319    2.8653    2.6543    1.5962    0.5329    1.6527    1.7297    1.7637    3.0158    0.0085    2.6546    2.3375    2.3999    3.0067    0.3088    0.0558    3.1074    2.3361    2.7669    0.2976
    580000      70.816425
    590000        15.6763       -24.9836        40.6599
    590000         5.2588        11.3477
    590000    2.0729    3.0741    2.9299    2.8437    2.3649    2.2121    1.3674    0.8865    2.5737    2.8561    2.2827    0.6048    0.8350    0.5633    2.9072    1.7023    3.0276    1.2046    0.9219    1.7519    1.8454    0.0464    2.7733    0.3285    1.6642    2.9919    0.1159    1.5215    2.2497    0.6295    2.7110    1.8928    1.8260    2.2316    0.0966    3.1018    1.2021    3.0562    2.7796    1.8333    2.9941    0.9382    1.9282    2.0422    2.1262    2.6406    3.0556
    590000      72.036502
    600000         9.5978       -27.4965        37.0944
    600000         6.0951        14.5135
    600000    2.1535    2.5054    2.7602    2.4694    2.8173    2.5379    3.0342    2.9537    3.0788    3.0578    2.6330    1.4599    2.4066    0.7800    2.9733    2.4521    1.8689    0.1323    3.0856    1.3526    1.8309    0.5559    2.0448    0.9416    2.2007    2.4748    3.1199    0.1639    2.8453    1.5560    2.8350    1.4942    1.2113    1.3472    1.6057    2.9844    0.4474    1.5902    1.3999    2.1783    2.9924    1.7312    1.0773    1.3909    2.4379    1.4796    2.1945
    600000      73.296580
    610000        19.0357       -24.9245        43.9603
    610000         5.6984        14.2668
    610000    1.8428    1.1913    2.9537    0.0673    3.0770    2.4060    3.0712    0.4034    1.5921    2.5658    3.0956    2.5274    1.1353    2.9339    2.4936    1.2701    0.3129    0.2806    2.8031    0.9731    0.9621    0.0322    2.9095    0.6700    2.7117    3.0646    2.9933    0.5526    2.5947    1.2084    0.0861    1.1199    0.6787    0.7767    1.2097    2.2261    2.6796    2.5570    2.2044    1.1701    2.8877    2.7567    2.8962    1.9581    1.6782    2.0747    3.1027
    610000      74.524657
    620000        18.0400       -18.6528        36.6928
    620000         5.9184        16.0316
    620000    2.0114    2.3408    1.8090    0.5891    2.0677    2.1385    1.9432    0.1924    0.9923    1.8616    2.9694    0.5750    3.1112    1.5098    2.6951    1.7047    1.9527    0.5865    1.8231    0.8144    3.0294    1.0817    3.0287    0.1511    2.8868    0.0179    2.5224    1.0883    1.3798    1.6095    2.3856    0.4812    1.3876    1.5212    1.2868    1.7557    2.9135    3.0891    3.0338    0.3685    2.8382    2.4547    2.7828    3.0851    2.9793    2.5136    2.3377
    620000      75.652728
    630000         2.9579       -29.3908        32.3487
    630000         6.2810        11.7503
    630000    1.4005    2.7809    3.1057    2.5890    2.3308    3.0259    2.8709    0.2657    2.2855    2.1214    1.1233    1.0709    3.0285    0.6659    2.4760    1.5221    1.7466    2.2891    2.9900    0.0289    3.1390    2.7945    2.4551    3.0169    3.0883    3.0901    2.5823    2.2661    2.9789    2.4712    3.1098    0.8084    2.0098    1.1254    1.7319    2.8896    2.7868    1.7587    2.5460    1.6524    2.5629    1.1233    2.4886    2.0513    2.8541    2.2886    3.0913
    630000      76.876804
    640000         5.3575       -29.2780        34.6355
    640000         5.7763        13.0925
    640000    2.1866    3.0780    2.8189    2.5607    2.9895    2.1512    2.7418    1.1861    1.5325    2.4054    2.9536    0.7405    3.0652    0.2658    2.1807    1.2565    1.4570    2.2972    2.8721    0.5766    2.9892    0.9795    2.8825    1.0319    2.9591    2.2913    2.3910    1.8195    2.6692    1.7028    2.8908    0.6826    0.1912    0.2505    2.3858    2.2187    2.9007    1.4939    2.8538    1.1900    1.4320    2.4310    2.4220    2.7914    2.1043    2.6326    3.1227
    640000      78.108881
    650000         3.9946       -22.0477        26.0424
    650000         6.9168         9.7658
    650000    2.1686    0.8261    2.8899    0.8929    2.5592    0.9402    2.4002    1.0348    2.9506    2.7669    1.9627    3.1325    2.7439    0.5142    2.4758    2.0329    2.3790    2.7094    3.0176    2.1519    2.0186    0.4730    2.7198    1.2379    1.6764    1.4716    2.7254    1.9617    2.8332    3.1130    3.1005    1.3141    2.6983    2.0810    2.6831    2.7384    2.4212    2.9142    2.9433    2.1628    0.9191    1.9388    0.8002    2.5323    0.7556    2.9868    1.6597
    650000      79.344958
    660000        11.7775       -23.4240        35.2015
    660000         7.8574        17.7911
    660000    1.9820    1.0171    2.7897    1.7104    2.9309    1.6068    2.9468    1.2928    2.1189    3.0573    2.4130    2.9819    1.9248    1.8822    0.7067    2.7096    2.2631    3.1315    2.6110    1.9105    1.8326    0.6626    1.8253    0.9562    0.8030    0.0628    2.7728    1.3628    1.9082    1.8570    2.7143    2.7171    1.9098    1.3325    2.8672    0.9281    2.5058    2.2969    2.0266    2.9729    0.3154    2.5419    2.2759    1.8552    0.6499    2.8638    3.0808
    660000      80.501031
    670000        12.8092       -16.8701        29.6793
    670000         3.3369         1.6487
    670000    2.0262    1.7563    2.4600    1.8659    2.6074    1.9375    2.8129    0.4325    2.1079    2.8794    2.3408    0.8897    3.0525    1.0911    0.9717    1.6302    0.7772    3.0550    3.0989    0.5169    2.9702    1.7052    2.7825    1.3301    1.5624    2.0494    2.1389    0.5491    1.2841    0.8857    1.1543    1.7708    0.5436    0.8142    2.9481    0.2053    1.7281    0.5372    0.2491    0.6480    0.7751    0.0635    2.6852    0.2886    0.8748    2.3465    0.4647
    670000      81.657103
    680000         9.9666       -22.3244        32.2910
    680000         7.7961        19.4133
    680000    1.6116    1.4455    2.8290    2.1819    2.7986    2.0341    2.8519    2.3625    1.7281    2.9959    2.0273    0.0740    2.9823    2.5610    2.6544    3.0800    2.0316    1.8107    2.4107    2.2019    2.8194    1.3750    2.3798    0.5487    2.7934    0.7089    2.8331    0.7758    0.8821    0.5117    3.1081    1.7112    1.7239    1.3313    2.3285    1.8848    2.3546    2.6213    2.8780    1.2178    1.8885    1.1426    2.4632    2.4927    3.0426    2.9429    1.1942
    680000      82.761172
    690000        21.6703       -20.8517        42.5220
    690000         5.5961         7.8597
    690000    1.4068    2.7916    1.4735    1.1570    0.3261    1.9340    0.6417    2.4224    3.1284    3.0994    1.4842    2.3570    0.2130    2.6100    1.4765    1.9173    1.0025    2.9553    2.8584    0.5941    3.0022    1.5537    2.7089    1.5989    0.5763    2.4822    0.5984    1.0191    1.8907    0.7239    2.7297    2.7687    2.5930    0.7198    2.5787    2.8028    2.4257    1.1353    0.5255    1.9572    2.7824    0.6169    2.2891    2.4130    0.1655    1.2838    0.0526
    690000      83.925245
    700000         7.9778       -21.0422        29.0200
    700000         6.2395         5.8069
    700000    1.9315    0.7689    2.8685    0.8000    3.0621    0.7989    3.0620    2.7978    0.9236    2.6953    1.6863    0.8015    3.0204    1.8029    2.8787    0.8560    2.4540    1.0073    2.2058    2.3038    2.7021    1.6126    2.2229    1.1305    2.4654    3.1398    1.7060    1.5094    0.2554    0.8234    1.9795    2.6841    1.9290    0.6416    2.2980    1.7043    3.1087    2.8372    2.9140    0.1930    2.7660    2.0655    2.2104    2.8089    1.9871    2.3277    3.0395
    700000      85.121319
    710000         9.5837       -20.4670        30.0507
    710000         4.7508        10.7769
    710000    2.0609    3.0375    2.7061    2.9338    2.8866    2.9832    2.5375    2.0017    2.9100    2.5038    1.9005    0.8604    2.8197    0.5659    1.5592    2.1097    0.3204    1.8194    2.4398    0.6824    2.7176    1.4135    2.4225    1.7401    0.7362    3.0327    1.4069    0.6085    1.7322    0.1022    2.5973    0.7517    2.0480    0.4562    2.8182    2.0831    2.3037    2.0866    0.9295    0.9682    2.7231    0.9509    2.9367    2.5372    1.9766    2.6339    1.7809
    710000      86.325395
    720000         7.1549       -22.1897        29.3446
    720000         5.0455         7.6662
    720000    2.0674    2.0243    2.2967    2.7868    2.6194    1.6617    2.4344    2.8782    2.4247    2.4750    1.6535    0.6160    2.4665    0.9041    1.8565    1.5482    1.5476    0.3336    3.1216    1.3609    2.8731    1.9180    2.7886    2.1317    0.9186    2.5230    2.4629    0.2387    3.1194    2.2079    1.8417    1.8339    3.0617    0.6389    2.8229    2.7007    2.5948    2.3217    2.1054    0.0731    3.0704    1.2260    2.6412    2.8013    1.0619    2.9518    0.7842
    720000      87.585473
    730000         5.2764       -26.5734        31.8498
    730000         5.5547         9.0998
    730000    2.0372    1.5696    2.6740    1.8697    2.9828    1.1954    2.6558    3.0362    1.7710    2.6274    1.9874    0.9834    2.8132    1.0975    1.5907    1.0542    1.8903    1.0332    2.9308    1.8130    1.8012    1.6050    2.4922    2.7377    0.7690    2.7079    2.3505    2.0436    1.1356    1.2890    2.4011    1.3115    2.9986    0.8612    2.3132    2.9903    2.4289    2.9356    1.4369    0.3097    2.6443    1.5693    2.3963    3.0092    1.3551    2.8785    1.1328
    730000      88.853553
    740000         4.1612       -26.4098        30.5710
    740000         4.5626        10.7719
    740000    2.0252    3.1078    2.6216    2.9779    2.8609    3.0784    2.5891    2.0742    2.8288    2.0578    2.6416    1.0082    2.8529    0.8080    0.4839    2.6463    0.6081    2.1931    2.5424    0.6807    2.5377    1.8406    1.6747    2.5662    0.3561    2.7010    1.8112    0.1658    1.8657    0.0102    2.6462    0.7906    1.1275    0.2728    2.5567    3.0243    2.4587    1.2005    1.8833    1.6837    2.6046    0.0804    2.4597    1.3600    0.2726    1.1943    0.9021
    740000      90.129632
    750000         2.5611       -29.9988        32.5599
    750000         3.8719         6.6870
    750000    2.1161    1.8762    2.3071    2.4509    2.9950    0.9937    1.9469    2.7806    2.5465    1.8153    2.2576    0.3425    2.8593    0.4550    2.3498    1.0595    1.3016    1.6673    1.8985    0.0035    2.2287    1.4295    1.7393    2.9629    0.2152    2.2622    2.6690    0.3143    3.1011    2.1663    2.0575    1.6531    2.9139    0.3251    2.9811    2.4107    2.0530    2.8712    1.3643    0.9358    3.0530    0.1530    2.1681    0.0879    0.7470    1.7356    0.0094
    750000      91.409712
    760000         3.0447       -28.6421        31.6869
    760000         4.7234         4.1363
    760000    2.1143    0.6559    2.9591    0.6523    3.0687    0.5762    2.4909    2.0781    2.0630    0.9677    2.6335    0.8729    2.9584    3.0283    2.1165    1.5398    2.5560    1.6437    0.7444    2.0855    0.5317    1.0410    2.4278    0.8183    2.2112    2.2257    2.8743    0.5080    2.8701    2.6137    1.3426    2.6566    1.9800    0.3593    1.3017    2.4756    0.7137    1.3070    2.5332    0.6417    2.6998    0.8418    2.1149    2.5805    1.0794    2.8667    1.7801
    760000      92.677792
    770000         5.6651       -27.3283        32.9935
    770000         4.8499         4.3227
    770000    1.6751    1.5629    2.5768    1.0932    3.0708    0.8001    1.0869    2.5203    1.1112    2.7744    0.3942    0.3057    2.0057    2.0226    2.1476    0.8446    0.3913    2.1849    3.0696    2.4378    2.7756    0.3546    1.7038    0.9269    2.2583    1.5139    2.9717    0.5859    0.7038    0.0274    2.5615    2.8676    1.5434    2.3445    3.1217    1.7333    1.3589    2.9193    2.9693    0.1644    2.6970    1.6079    1.1251    2.8370    2.0172    1.4138    0.4489
    770000      93.905868
    780000         8.7210       -26.7426        35.4636
    780000         4.2215         9.4917
    780000    2.0917    2.9758    2.6173    3.0948    3.1215    2.6244    2.8019    2.4231    2.8658    2.1161    2.8825    1.2602    2.6303    0.7594    0.8795    3.0821    0.7418    2.3804    2.9780    0.7688    2.3632    1.9800    0.3996    2.3813    0.3726    1.8306    2.6487    0.1835    3.1318    1.5169    2.9678    0.2972    1.9000    0.0659    1.7211    2.5209    0.6172    2.1547    1.7745    2.7829    1.1368    0.0725    0.1003    1.2793    0.0377    0.9571    1.4682
    780000      95.109944
    790000        12.4163       -19.7805        32.1968
    790000         7.0303        15.2128
    790000    2.0025    1.3580    1.8699    2.8040    2.6584    1.2668    1.6857    3.0169    0.3125    2.5452    1.3725    1.3111    1.9498    1.8420    2.7700    0.6774    2.9940    1.9949    2.4167    2.3050    2.7159    1.6730    2.2951    1.3396    2.8919    0.5083    3.0367    0.2135    1.3432    0.0878    2.7366    2.1109    2.0854    0.8325    0.4970    2.3899    2.8872    3.0282    2.8888    0.0105    2.7171    0.6609    2.6849    2.8482    2.6427    2.5351    2.2721
    790000      96.330020
    800000        16.1624       -21.5989        37.7613
    800000         3.4614         9.3536
    800000    1.6524    1.3113    2.7822    1.4906    0.6256    0.2388    1.1690    1.0748    2.3956    2.4678    2.6473    1.7189    2.8878    0.8306    2.7293    0.6590    2.3387    1.2241    2.6304    0.9580    0.1031    1.9117    1.8956    0.6765    0.2812    1.9308    1.2083    2.9240    2.1194    2.3396    3.0826    0.3215    0.3581    0.5189    1.9565    1.1589    1.7119    1.5820    0.5578    0.1349    2.9298    0.0195    2.1867    1.4653    0.9347    3.1112    0.7147
    800000      97.522094
    810000        17.0222       -24.1638        41.1860
    810000         3.6457         6.0786
    810000    1.2945    2.5988    1.0937    1.0101    1.4484    0.0556    1.0122    2.7625    2.6875    3.0138    2.7408    1.6541    2.2495    2.3072    1.9098    1.4073    2.2621    2.9009    1.8450    0.6951    1.2503    2.8325    2.0232    2.6845    2.7060    2.5971    2.1554    0.4498    2.1644    2.2215    3.0252    0.0268    2.9341    1.1263    2.0638    2.8685    0.9225    2.6614    1.6322    1.4485    2.2824    0.3604    1.4168    2.3311    0.7360    2.7492    1.0198
    810000      98.710169
    820000        23.4704       -23.0309        46.5012
    820000         4.6244         6.3693
    820000    2.2423    2.8921    2.7858    2.9552    2.1311    2.9406    3.0960    1.7859    2.3686    3.0710    0.0751    2.0695    2.6633    1.7851    1.6889    2.6078    2.6119    0.5772    0.5343    2.0502    0.2156    0.9453    2.5613    0.5590    2.0602    2.9846    0.9882    2.5783    0.7963    1.7249    0.1864    0.1205    1.5357    2.5927    0.7594    2.6883    0.6537    2.3207    2.8079    0.1350    0.7341    0.4443    0.3110    2.7147    0.0470    2.4246    0.0529
    820000      99.878242
    830000        16.8955       -23.6848        40.5803
    830000         3.5313         7.6070
    830000    1.9472    3.0824    2.5677    3.1399    1.6560    3.1279    3.0332    0.0464    2.0296    0.8527    1.7447    0.0576    2.9999    3.0227    0.7690    2.5159    0.8598    1.9272    2.6180    0.5557    1.7293    2.8748    2.3846    1.9431    2.4605    2.7781    0.7270    1.6199    0.6830    2.1410    2.3979    0.7670    0.4587    1.2135    3.0703    2.7989    0.2102    2.0418    0.2363    2.0205    1.2315    1.2560    1.4927    2.6401    1.5794    2.9617    1.3959
    830000     101.038314
    840000        19.0691       -25.4305        44.4995
    840000         4.7626         9.9165
    840000    1.4509    1.1920    1.7525    2.7607    1.2571    2.2298    0.1458    1.7923    3.0394    2.4237    2.7440    1.6310    1.9983    0.9208    2.8575    0.9039    2.1736    2.6360    2.9361    1.8933    3.1389    0.3507    2.9445    0.1954    2.7288    2.4086    1.8110    2.8819    3.0206    1.7724    2.4467    0.8405    0.8504    0.3784    2.4768    2.5593    2.1002    0.3148    2.7682    0.9624    1.5796    2.9562    2.1928    1.5436    0.8576    0.2056    2.4841
    840000     102.230389
    850000        16.0348       -26.9167        42.9515
    850000         4.2028        11.6295
    850000    1.5552    1.7350    2.6051    2.9723    2.1178    2.8091    2.7668    1.3187    3.0115    2.4576    2.5403    1.2003    1.5610    0.0486    3.1389    0.6282    0.6647    2.9706    2.4746    1.6347    2.7563    0.2641    2.6494    0.2060    1.4181    2.5465    1.3886    2.1803    3.0502    1.6819    2.6082    3.0448    0.1235    2.7240    3.0603    2.2543    2.3501    1.1463    2.6918    0.1380    0.5769    1.3272    0.0176    1.8438    1.2029    2.5888    1.3968
    850000     103.410462
    860000        12.0295       -30.1559        42.1855
    860000         6.9824        14.4025
    860000    2.1643    2.5968    2.9674    2.5902    3.0270    2.8507    2.9572    2.4991    1.8053    3.0190    2.7561    2.6502    2.6223    3.1407    2.6464    1.5716    2.3434    2.5713    2.6238    2.0989    2.8404    0.3445    3.1004    0.7795    2.3626    1.1260    2.3797    2.5668    1.6603    1.8917    2.5516    1.5713    3.0396    1.8732    2.5366    1.7548    2.8741    0.2629    2.0815    3.0426    3.0712    1.6834    3.0967    1.8900    2.6776    0.4910    2.1945
    860000     104.614538
    870000         9.0126       -28.8044        37.8170
    870000         5.5474         7.0433
    870000    2.0372    0.6812    2.8277    1.0296    2.7633    0.8492    2.9048    2.0328    2.2625    3.1171    2.9535    1.8731    2.1505    2.5058    2.8834    0.1044    2.9614    1.5851    2.8502    2.2037    3.0135    1.8495    2.9354    1.2523    3.1161    1.5160    2.1810    0.5572    2.4279    2.4753    2.1885    2.4287    2.7750    2.5879    1.9291    0.6771    1.5833    0.7298    2.9643    0.3598    2.2507    0.0030    0.2575    2.7710    0.6089    0.3826    2.2913
    870000     105.818613
    880000        11.5314       -21.2765        32.8079
    880000         5.1514        16.1320
    880000    2.1230    0.6566    2.9198    0.7026    2.3025    0.4602    3.0255    1.8258    3.0500    2.6541    2.1107    3.1079    2.8799    1.4171    2.6174    0.1082    1.3688    1.4659    1.6759    1.5924    0.1852    1.9650    2.8456    0.7583    0.6802    0.3526    2.0487    0.2430    3.0624    2.5271    1.1783    2.1058    1.5572    1.1310    1.6921    1.9488    2.8368    0.3582    3.0276    0.4106    1.7728    1.1644    1.9731    2.7903    0.8058    3.1294    0.8338
    880000     106.990686
    890000         9.5342       -25.0802        34.6145
    890000         5.4998        16.9520
    890000    2.0216    2.1910    2.2116    2.2892    2.6704    0.3791    3.0088    2.0530    2.9427    2.9154    2.8654    2.4205    2.2365    1.9889    2.3551    1.5659    2.0569    2.8975    3.1293    0.3482    2.7137    2.3659    2.6119    0.4035    0.6100    2.3673    2.1001    0.0885    1.7180    2.8469    2.1273    0.3850    2.6209    0.6278    1.3099    2.6714    2.1485    2.8624    2.5757    2.6400    2.3338    0.4355    2.4343    0.7834    0.5976    0.9634    1.3650
    890000     108.158759
    900000         9.6740       -27.0271        36.7011
    900000         7.8292        20.9230
    900000    1.8855    0.8488    2.8785    0.8935    3.0052    1.0635    3.0717    2.7010    1.1174    2.5001    3.0898    0.1788    1.6122    1.5709    2.9509    1.0825    2.4669    2.0086    2.4471    2.0257    3.0610    1.6563    3.1061    2.0689    2.6853    2.2647    2.9053    0.4085    0.6537    2.8501    0.1009    3.1208    2.5700    1.5666    0.2703    0.9858    2.1716    2.3090    2.6930    2.2235    1.3822    1.3940    2.1148    2.7598    2.1503    2.0498    1.5693
    900000     109.366835
    910000         4.8176       -26.9975        31.8151
    910000         7.0635        16.4985
    910000    1.9666    0.7543    2.8814    0.7404    2.9885    0.7348    3.0283    2.2870    1.6073    2.6364    2.8220    0.3300    1.6426    3.0459    3.0002    3.0939    1.4070    3.0613    2.3947    2.1443    3.0236    1.5348    2.8159    0.1625    1.9246    2.0424    3.0454    0.6526    0.1524    3.1093    0.7715    2.4458    2.2015    1.3507    1.5211    1.8546    2.1679    2.1537    1.7170    1.1370    0.0076    0.8525    2.1485    1.7717    0.2504    2.5741    2.3728
    910000     110.586911
    920000        14.1118       -27.7610        41.8727
    920000         7.2639        13.1666
    920000    1.9132    0.8276    2.8905    0.7472    3.0387    0.7731    2.9615    2.3937    1.5951    2.8607    2.7565    0.8860    1.4971    1.5854    2.9607    0.7947    3.0598    1.5785    2.3559    2.3292    2.8259    1.3652    2.7350    1.6427    2.7232    2.8707    2.3405    0.0322    1.1871    1.5927    1.6427    2.7638    2.0783    1.6728    1.1702    2.2278    2.0672    2.5247    1.2602    1.4061    2.5574    0.9423    2.9187    1.2368    2.4631    2.8370    2.6401
    920000     111.814988
    930000         8.5508       -28.7666        37.3174
    930000         7.3338        19.2567
    930000    1.9511    0.7715    2.8756    1.1270    2.8614    1.1122    2.8791    2.1202    2.1140    1.9670    2.9162    0.1681    1.7705    3.0793    2.8574    0.8653    2.2820    0.2024    2.5623    2.0334    2.7780    0.8245    2.7696    0.4928    2.1554    2.0781    2.6172    0.4884    0.8533    3.0569    0.5346    2.7010    1.7975    1.8017    2.3738    2.2022    2.5231    2.3000    1.8796    2.4118    1.1178    1.0440    2.4300    3.0957    1.7751    2.6300    1.1444
    930000     113.039064
    940000         5.9551       -25.1200        31.0750
    940000         7.9143        19.7875
    940000    1.7980    1.7161    2.8152    1.1893    2.9278    1.4041    3.0991    2.8628    1.1704    2.8100    2.8442    1.0418    2.1296    1.7757    1.1616    2.1973    2.4708    0.5994    2.1315    1.6502    2.8806    1.3010    3.0985    0.9249    2.3048    0.0160    3.0710    0.3066    1.0334    1.3894    0.9947    1.1310    1.6965    2.1102    1.7548    2.6530    2.9012    2.5434    1.8380    1.8068    2.8357    2.1519    2.5026    3.1010    2.4735    1.7567    3.0314
    940000     114.243139
    950000        16.1322       -23.5891        39.7213
    950000         8.4924        18.7700
    950000    1.5934    1.4066    2.7727    1.9925    2.7576    1.9229    2.8491    2.5885    1.7288    2.9373    2.9536    1.8697    3.0316    3.1117    2.4152    1.0296    2.0130    1.7718    2.5131    1.9702    3.1121    2.4285    2.8010    2.0055    3.0159    2.9281    2.5635    1.3674    1.2422    0.2977    2.8119    1.9687    2.2733    3.0135    2.8787    1.9683    2.4899    2.2684    2.4000    0.3768    2.3225    2.9522    2.8779    1.4429    2.2776    0.1976    2.1233
    950000     115.411212
    960000        19.8774       -20.7646        40.6420
    960000         7.3825        22.6991
    960000    2.1759    2.7575    2.5672    3.1337    2.8750    2.7180    2.8253    3.0762    2.2043    0.3953    3.0053    0.4677    3.0948    2.5785    1.9186    1.2119    2.5326    2.2172    2.4794    1.7425    3.0298    1.4523    3.0552    0.5978    3.1109    0.0323    2.8748    0.1094    2.9274    2.4792    1.5603    0.1793    2.8494    1.5577    0.9039    1.1828    3.0571    2.3903    2.6453    2.1286    3.0831    0.0632    0.2466    3.0510    0.8515    0.3077    0.1313
    960000     116.579285
    970000        26.4673       -26.9470        53.4143
    970000         3.9902         9.4941
    970000    2.1005    1.0497    2.7968    1.4243    3.1127    1.0909    2.7191    3.0675    1.7928    1.6397    3.0796    0.4719    2.8679    0.4986    2.4847    1.4144    2.1379    3.1123    1.0052    0.5448    1.1890    2.2963    2.9793    1.8631    2.5691    1.8218    1.3935    0.2539    0.3162    2.3940    1.1289    0.2449    2.3933    0.7652    0.4826    1.5499    1.4471    0.8710    1.1058    0.8307    1.3884    0.1082    0.8084    1.9462    0.3564    0.2266    0.7328
    970000     117.763359
    980000        16.3597       -27.3369        43.6967
    980000         5.4970         6.4589
    980000    1.9212    1.0548    2.9366    1.0251    3.0256    1.1806    3.0820    2.7419    1.4736    2.5328    2.7396    1.1918    2.6522    1.0859    2.9070    1.0364    2.8448    2.5774    2.0790    1.4984    2.3534    0.5670    2.8218    1.0731    2.2563    2.5818    0.3032    0.2611    0.9371    3.1059    0.9621    1.9218    2.3909    1.6002    2.0419    3.1264    1.8261    2.0813    0.7014    0.8822    1.7235    0.5039    2.3936    2.2731    1.6544    3.0266    1.7894
    980000     118.991436
    990000        13.3697       -27.8236        41.1933
    990000         4.7317         3.2265
    990000    2.0408    0.6143    2.9324    0.9029    3.0564    0.3132    3.1235    2.2369    2.2370    0.9201    2.7708    0.2996    1.3770    2.8885    3.0823    1.9835    2.6199    2.5099    0.7507    2.2796    1.4600    1.5962    1.5665    0.8117    2.7436    0.3562    2.5865    0.1561    0.7302    2.8208    1.1943    2.0593    2.3527    2.0639    2.1310    3.0340    1.6622    2.1596    2.7993    2.6252    2.5439    1.5042    1.8154    2.4565    0.6576    2.4338    0.4213
    990000     120.215513
   1000000        13.7558       -21.6278        35.3836
   1000000         6.1021        10.8652
   1000000    2.1896    0.8846    2.3407    1.3363    2.9610    0.0064    1.0208    2.6905    1.3578    1.8967    0.2634    2.4405    2.5661    1.5575    2.9068    0.2254    0.1571    1.5242    3.0663    0.5085    2.7348    2.1458    3.0539    0.3657    2.3427    0.3405    2.7095    0.2694    3.0670    2.3030    2.1095    1.0702    2.2801    2.0680    2.4685    1.4995    2.9799    1.2821    2.1717    2.4182    0.5970    2.7916    0.2804    3.1041    0.7507    2.9469    2.1312
   1000000     121.427588
