# Step CPU_Time_s
         1        19.2285        -2.4228        21.6512
         1        19.0921        65.4129
         1    2.0475    1.3895    1.8683    2.2394    0.2663    2.1942    1.6475    2.1463    0.9448    2.9541    1.7450    2.0092    1.6447    2.6217    2.0910    1.7739    3.0579    1.3026    2.6019    1.4109    2.4547    0.5663    2.8502    1.0455    2.3173    0.0097    2.5000    1.0228    2.1417    1.8865    0.4472    1.6566    1.7483    2.2247    0.5070    2.4653    1.6530    2.1048    1.1607    3.1014    1.8340    1.9439    2.0146    2.2699    2.2601    1.6629    2.8765
         1       0.000000
     10000        15.6082       -20.3448        35.9530
     10000         6.1324        12.2645
     10000    0.6801    2.9803    2.2978    1.7543    1.8137    0.2974    1.4529    2.0483    0.6966    2.7739    2.4707    1.2906    0.3471    0.8048    1.7667    1.1595    2.9592    0.9954    1.4806    2.4085    0.3659    1.1931    0.9877    3.1307    0.8408    1.2821    2.3453    0.7038    1.8708    1.0773    0.2868    1.5918    3.1147    0.2266    2.8172    0.1800    1.2033    0.8753    3.0073    2.5347    2.4556    1.1800    1.0053    1.3164    0.0208    1.3481    2.5185
     10000       1.000062
     20000        16.9712       -16.0604        33.0316
     20000         6.5648        14.4721
     20000    1.7256    1.8757    1.9707    2.1904    2.2922    1.4110    3.0402    0.4283    2.8455    0.4640    2.2029    0.7553    0.0895    1.2982    1.3393    1.5954    1.3949    1.0911    2.1213    2.3269    0.8703    2.0452    2.6768    2.5124    2.6052    2.4874    0.6170    2.9662    2.4729    1.3738    2.4179    2.1111    0.7526    2.7482    3.0266    2.5579    0.6749    2.8889    1.9771    1.5644    2.0803    0.6088    1.5947    0.1393    3.0353    2.0165    3.0290
     20000       2.212138
     30000        22.3125       -13.7250        36.0375
     30000         5.5013         9.5412
     30000    2.4401    2.9467    2.3728    1.6231    1.7425    1.4644    1.6360    2.3178    3.1031    1.1043    0.1162    1.1156    0.2826    0.8969    0.9284    1.8389    2.2261    0.7853    1.8321    0.7977    2.8731    0.6915    0.7890    1.5561    0.7186    1.9684    0.9029    0.7804    0.9639    2.2975    3.0875    2.4183    0.2652    2.0663    2.2885    1.8552    0.3083    2.9878    0.0891    0.3237    2.7433    0.3960    2.9679    0.4745    2.2813    0.5283    2.0205
     30000       3.260203
     40000        15.1359       -19.6466        34.7825
     40000         7.0472        17.0521
     40000    0.9674    2.4313    2.6536    3.1371    2.3204    1.5168    2.5018    2.3557    1.5140    2.7559    0.2365    2.3660    1.6021    1.4157    1.1726    2.6014    1.7331    1.2854    2.9775    2.4765    0.9007    1.8884    0.2755    0.1470    2.0444    0.9168    1.2695    2.0241    1.4960    1.1348    2.6762    2.1452    1.5006    1.7935    2.8569    2.3093    2.8980    2.1670    2.3309    1.1113    1.7433    0.3688    2.7086    2.0442    0.9471    0.6130    2.5859
     40000       4.328270
     50000        14.8661       -17.1264        31.9925
     50000         6.3558        12.1512
     50000    2.2181    2.4446    3.0705    2.9749    0.7637    2.9372    1.7984    1.4788    2.5866    2.0790    2.0801    1.4039    0.8846    1.4646    0.2745    2.5892    1.9207    2.1572    3.0212    2.3799    1.4627    2.9220    1.2991    0.0048    1.8532    0.5883    2.9455    2.1490    2.5659    0.7678    1.0365    1.5196    0.6609    0.1023    2.7448    2.5737    2.8584    2.6425    2.8059    1.6397    2.0551    3.0730    1.0341    3.0287    2.2953    0.5065    1.4721
     50000       5.464341
     60000        10.8571       -21.2013        32.0584
     60000         6.1540        16.7264
     60000    1.8571    2.5191    2.0253    2.6836    3.0997    0.7915    2.8970    2.9296    1.5811    3.0865    0.3483    1.9413    1.2380    0.5720    1.0773    1.9391    1.3248    1.5754    3.0896    3.0956    0.6232    2.2973    1.6462    1.2891    1.1872    0.5266    1.9529    2.5707    0.5660    0.0409    2.0979    0.6642    0.9409    0.2234    2.9032    2.1684    2.5588    2.2656    2.9937    0.5732    1.6341    0.7442    2.6504    2.2202    2.9625    2.9110    3.0731
     60000       6.628414
     70000        13.9689       -26.9779        40.9468
     70000         6.9246        14.7132
     70000    1.3646    2.3999    1.1552    2.4455    0.2211    2.8077    2.7258    2.4641    2.5922    0.1731    0.1771    2.6621    2.9370    2.5286    2.4192    0.7074    2.7888    1.1705    1.6694    1.3192    2.8604    1.9593    1.0738    1.3095    2.9312    0.4290    3.1117    0.2060    2.3576    2.0121    2.7829    2.4084    2.0836    1.2409    2.9861    0.8305    2.0627    1.7740    2.8504    2.0700    2.9758    1.8003    2.7835    2.3130    2.6889    0.8455    2.5550
     70000       7.808488
     80000        12.6151       -24.7917        37.4069
     80000         5.1428        15.1661
     80000    1.6712    1.8239    2.4438    2.3742    2.8544    0.0226    2.3343    2.1917    1.4165    2.7856    0.2716    1.3700    1.5235    0.3345    0.3622    1.9067    2.3156    0.6888    2.9525    2.5251    1.5695    2.8881    2.4454    0.9199    1.2606    0.7416    1.7042    2.3631    0.9461    0.7064    2.9652    0.7671    0.7088    1.1203    2.1426    2.0914    2.2208    2.6737    0.0169    2.0286    1.5752    1.6751    2.9396    2.4911    2.5850    2.7652    2.6391
     80000       8.968560
     90000         6.8831       -27.9454        34.8285
     90000         5.8837        16.2661
     90000    1.9962    2.2259    2.5560    2.5220    1.1473    0.9128    2.6595    1.9280    2.6182    1.6545    1.8901    0.6031    0.5450    1.0062    0.6268    0.2569    0.6710    0.0430    2.4768    1.4665    2.1362    3.1223    2.9479    0.9457    3.0898    2.9929    0.9096    2.3929    0.1829    2.8227    2.9920    1.0606    0.7046    1.9321    1.9209    1.6785    2.7826    1.6188    0.9690    2.0913    2.1709    1.2334    2.2741    1.8070    2.4320    0.0949    1.2564
     90000      10.140633
    100000         2.9001       -24.6916        27.5917
    100000         6.6177        15.1250
    100000    1.8054    2.3491    2.5253    2.9612    0.7032    0.6845    2.6219    3.0604    2.8018    2.3489    1.4254    0.1753    0.7552    0.9757    1.0166    1.1117    0.6630    0.3607    3.0980    1.5369    2.0796    2.9948    2.7461    0.9882    2.9883    2.9358    1.2524    2.7548    0.9389    2.8941    2.9659    1.1267    1.1978    1.9201    2.1030    1.9654    2.7345    2.4751    1.0682    2.2867    1.7095    1.0079    2.8643    1.6265    1.5634    1.5295    0.9124
    100000      11.300706
    110000        10.4021       -19.7879        30.1900
    110000         6.2028        19.0535
    110000    2.2449    2.5482    3.0673    1.2890    2.5351    0.6342    2.7394    2.9062    2.1376    0.9724    1.8689    0.7303    1.0955    0.4680    0.7255    0.7364    1.6355    1.1237    0.2402    2.8339    0.4385    0.6052    1.3096    0.7206    2.8002    1.5647    2.9740    0.3415    2.9648    0.7021    2.3775    0.2713    1.7589    3.0305    1.4000    0.5045    3.0115    1.7766    1.2990    2.7077    0.4997    2.9332    1.5685    3.1036    2.1405    2.9654    1.5776
    110000      12.484780
    120000         8.6006       -22.5090        31.1096
    120000         5.5077        13.6451
    120000    2.2784    2.3438    2.9685    0.6732    2.7482    1.2503    2.3381    2.1969    2.2449    0.8202    1.6746    0.3901    0.8779    1.0632    0.4356    0.1936    1.3893    0.9058    0.2647    2.7569    0.3088    1.5722    0.2332    0.6063    2.7153    0.6514    2.4027    2.4184    1.9533    0.6987    2.7472    0.5877    1.3745    2.6759    2.1080    0.2934    2.6586    1.9125    1.5889    2.7172    1.1715    1.9539    1.8898    3.0011    1.4939    2.7026    0.3664
    120000      13.640852
    130000        13.8178       -24.4906        38.3084
    130000         7.3178        19.2830
    130000    1.2749    2.5153    0.9878    2.0615    2.2591    1.4225    0.1991    1.8022    0.9904    1.2312    1.5051    2.8848    2.7264    1.8439    1.2343    0.3497    1.9482    2.6047    2.2479    2.4742    2.3555    0.5459    2.6845    1.5714    2.2537    0.6169    0.9035    1.7544    2.0257    1.4764    3.1219    2.7030    2.3027    1.1187    2.0296    3.0445    2.7944    2.2543    2.7924    2.4676    2.3984    1.0628    3.0701    0.7777    0.3778    2.8869    0.1049
    130000      14.844927
    140000         3.6066       -30.1152        33.7218
    140000         5.4775        15.0720
    140000    1.4548    2.0111    2.6783    3.0608    1.6261    0.7983    3.0959    2.2724    2.2043    2.1437    2.1019    1.9111    1.8378    0.5211    2.9085    3.1027    1.9475    1.0016    2.6084    0.6945    0.3524    3.0200    1.4258    0.4336    1.0103    1.0724    1.6880    0.0545    2.3470    1.1925    2.7278    0.8255    2.9978    2.8777    2.4409    2.1195    2.4964    0.8054    2.3531    0.4806    3.0662    0.6478    2.7270    2.0735    2.7963    2.2577    3.0622
    140000      16.061003
    150000         4.6735       -31.6182        36.2917
    150000         5.4870        14.2882
    150000    1.2003    2.0013    2.7661    3.1173    1.2584    0.7033    2.6227    2.9030    3.1386    1.0084    2.0273    1.2433    1.7179    0.6074    2.9372    3.0502    2.2462    0.2557    3.0855    0.0764    1.3358    1.1808    1.6390    0.6782    1.0906    1.1008    1.9444    0.1943    2.2095    1.2826    2.9950    3.1086    2.8531    0.3759    2.7400    2.7925    2.1439    0.7642    2.8525    0.0632    3.1205    0.4007    3.0320    2.0119    2.0235    2.3401    2.7466
    150000      17.257078
    160000         4.1971       -29.9379        34.1351
    160000         5.1241        12.0710
    160000    1.3653    1.9846    2.7128    3.0232    1.5210    0.9641    2.5781    2.9950    2.9579    1.6114    1.5419    3.1314    3.0094    1.2712    2.5621    3.0670    1.8501    0.1883    2.9011    0.5881    0.1889    0.5855    2.6804    0.9570    0.1798    1.1608    2.1376    0.4207    2.3547    1.6457    3.0881    2.4608    2.8580    0.2673    0.0917    2.3289    2.7156    0.0924    2.4771    0.1806    1.6095    0.0227    0.8192    2.1813    0.9668    2.9654    0.0777
    160000      18.465154
    170000         2.3383       -30.3315        32.6698
    170000         4.6256        14.0391
    170000    1.7518    2.2967    2.2278    2.7051    2.2531    0.7833    2.8006    2.7563    1.9211    0.8344    2.0449    1.5063    1.7035    0.5084    2.1065    2.7258    0.3699    2.3440    2.3921    1.0542    0.0103    1.2309    2.8540    0.6759    1.2401    0.8448    1.9035    0.0867    2.7066    0.7280    2.2205    2.8747    2.3449    0.2477    0.0340    0.1647    2.9337    1.0557    3.1001    1.7096    2.3992    0.0382    2.9509    2.4355    2.1253    1.4054    3.1259
    170000      19.669229
    180000        10.7467       -27.5082        38.2548
    180000         5.2740         6.8398
    180000    2.1762    2.2682    2.5588    2.2204    1.2244    2.8897    2.9506    1.3485    3.1306    0.5507    2.4249    1.4341    2.5220    1.0489    0.8507    2.3936    3.0650    0.9103    2.5764    0.0240    2.4422    1.6093    2.5440    2.3167    1.5742    1.0198    0.2789    0.0960    1.7592    0.7956    2.7295    0.8377    1.6571    0.8236    1.3287    2.5440    3.0467    0.0072    0.8975    0.6336    2.6442    0.0703    2.8024    2.0539    2.7141    1.7148    1.4111
    180000      20.893305
    190000         9.6687       -25.3292        34.9979
    190000         4.7632        12.5017
    190000    1.8985    2.1875    2.1854    2.5197    1.5328    0.8800    1.7592    3.0741    1.4562    0.9939    1.4281    0.1634    0.0614    0.2567    1.3133    1.1146    2.5693    2.4077    0.8569    2.4233    0.1961    1.3923    1.1355    0.2991    2.7150    0.4045    1.9290    1.0033    2.8224    0.7963    2.0089    0.3273    1.8566    2.3652    0.9969    0.1895    1.7950    1.6375    1.1599    1.9249    1.8234    1.3080    2.4841    1.3892    2.9197    1.7106    3.0313
    190000      22.101381
    200000         8.7768       -28.8932        37.6701
    200000         3.7664        11.3899
    200000    1.8955    2.4622    2.0613    2.6280    1.7000    0.9106    2.0947    2.0662    2.7374    0.2500    2.0697    0.2029    0.5830    0.7994    1.6895    0.9482    1.6892    1.2010    0.0003    2.6082    0.2001    2.9606    2.4047    0.3444    1.8472    0.4424    1.7632    0.0215    2.2269    1.1531    1.7707    0.5278    1.6863    1.3388    0.6725    0.4551    2.2574    0.1192    0.1088    2.2296    1.1180    1.3851    1.7564    2.0658    2.3357    1.9721    2.4444
    200000      23.309456
    210000        12.0087       -28.7130        40.7217
    210000         3.4862         7.0349
    210000    2.2758    2.3601    2.9321    0.0308    2.1465    0.2754    1.4597    2.1068    3.1149    0.2708    2.1663    0.2960    0.8641    0.5623    0.8813    0.4725    2.1844    1.7404    1.4134    1.7738    0.0902    2.5893    1.1444    0.4744    2.9429    0.0741    1.7256    2.6754    2.2821    0.7253    1.8466    1.1103    1.3616    2.3508    3.1367    0.1716    1.8188    1.5504    1.5343    3.1001    2.5371    0.0256    2.9076    0.9453    0.3125    1.4558    0.1239
    210000      24.521532
    220000         8.6399       -28.7995        37.4394
    220000         5.2894         9.2349
    220000    1.0266    1.9058    0.7718    1.4449    0.6778    1.7068    2.9528    1.4482    3.1059    1.2822    2.6857    2.5490    2.0212    0.8508    0.8528    1.3152    2.2907    1.2965    2.4405    1.8991    1.7594    1.1246    0.1205    0.7534    0.5124    0.6926    1.1552    0.3090    2.2118    1.1991    3.1122    1.7568    2.4492    1.3989    3.1289    0.8441    1.5876    1.8499    2.8044    0.5780    3.0829    0.5498    3.0130    0.8984    0.7883    2.2416    1.0872
    220000      25.749609
    230000        10.7125       -24.6607        35.3733
    230000         3.8720        12.3112
    230000    2.2196    2.5906    2.9958    1.3433    2.8393    2.0839    1.4524    2.1909    2.3219    1.0038    1.5644    0.1920    0.3042    0.1948    0.8020    0.6309    1.3383    1.0239    0.0136    2.9384    0.0004    1.4919    1.1842    1.5581    2.5300    0.5211    2.0080    1.1996    1.6334    0.6875    2.6543    0.4244    0.6205    1.5948    0.7698    0.6291    1.5788    1.9640    0.2408    1.9436    1.2796    0.2668    2.0268    1.2275    2.2031    1.0658    0.2222
    230000      26.949684
    240000         4.4228       -32.1894        36.6122
    240000         6.4001         9.3057
    240000    1.1925    2.4481    0.9367    2.6099    2.4453    0.9875    2.6355    2.9950    2.1702    1.0254    0.6497    2.1859    2.6593    2.6182    2.5182    0.1050    2.3624    2.8835    2.3130    2.9436    2.2332    2.0388    2.7528    1.9042    2.5668    2.1731    1.4625    2.3910    1.3590    2.6267    1.5903    2.5904    1.7547    1.8117    1.7088    2.9128    3.0546    1.8108    2.4441    1.6416    0.3511    3.1001    0.6147    1.7681    1.7413    0.9043    1.9264
    240000      28.149759
    250000         3.9964       -29.2618        33.2582
    250000         4.3966        10.1815
    250000    1.5302    2.0706    2.7883    2.9638    1.7333    0.6463    2.3075    1.8247    1.3645    0.1505    1.6315    2.2624    1.4334    0.9033    2.2869    0.4321    1.7256    1.5831    1.6436    0.2100    0.8072    1.2556    2.1640    0.0516    1.8022    0.2817    1.3289    0.1136    2.1576    1.2250    2.5344    2.1732    3.0233    0.0974    1.1597    0.5933    2.1786    2.7640    3.0262    1.1037    0.2215    0.0825    3.0320    2.4072    2.4166    3.0626    2.9570
    250000      29.353834
    260000         7.0111       -30.4206        37.4317
    260000         4.6591         9.0565
    260000    1.9590    2.9767    1.8533    2.8207    0.3912    0.1772    2.4316    3.0813    1.8552    0.1618    1.7948    2.0705    1.3489    0.7201    2.3899    0.3463    1.4946    2.0896    0.3945    1.5181    0.9093    2.0650    2.2637    0.0962    2.3742    0.3748    2.0864    1.4383    2.6218    0.4383    1.9079    2.7206    2.2291    1.3081    2.1759    3.1082    2.9739    2.9212    3.0377    2.5824    0.6965    0.3772    0.7414    1.7247    2.3013    1.3864    2.3089
    260000      30.561910
    270000         4.6892       -29.8646        34.5538
    270000         4.0985         9.5771
    270000    1.8373    2.3242    2.3830    2.7295    1.7987    0.9305    0.6203    1.6167    1.6355    0.5083    1.6774    1.5994    0.8925    0.9839    2.3035    0.7363    1.2830    0.9566    1.2136    1.3866    0.0691    0.6193    1.3981    0.0576    1.8442    0.1303    1.6937    0.6229    2.7159    0.6091    2.1465    3.1145    2.1734    1.0274    0.8184    1.0144    2.7335    1.6565    2.8277    2.0756    0.5429    1.0964    0.6012    1.7661    1.4022    1.4811    2.3087
    270000      31.777986
    280000         1.8229       -29.0706        30.8935
    280000         3.4323         6.8704
    280000    2.2977    2.3376    2.8880    2.9267    0.7978    2.9912    1.3966    1.1054    2.5889    1.0831    0.8936    0.8890    0.3812    0.5305    0.2010    0.6492    1.8089    1.9412    1.7538    1.2207    0.7629    0.9145    0.2054    1.1517    2.6784    0.4299    1.5873    2.0759    1.6681    1.4601    2.9346    1.3479    1.3856    2.8411    2.2807    0.2875    1.5240    2.5560    0.3326    2.9660    2.0863    1.2990    0.2831    1.1763    1.8283    1.0435    0.1125
    280000      33.002062
    290000        11.0087       -26.1544        37.1631
    290000         5.2685        11.7741
    290000    1.7919    2.4908    1.7286    1.2008    1.6440    1.6338    1.2825    0.6637    0.7631    0.5134    1.4978    1.6313    1.0924    0.7160    2.1223    0.5904    1.7482    1.4570    0.8414    0.3618    0.8385    1.5806    1.8529    0.0361    2.5399    0.3230    2.1438    1.5186    2.1517    0.4931    1.7375    1.1878    1.3173    0.8246    2.9017    2.7041    2.8580    2.3495    2.9085    3.1298    1.2803    1.5055    0.2689    0.4081    2.2800    1.9029    2.9592
    290000      34.198137
    300000         6.6761       -27.7387        34.4148
    300000         5.9918         8.9402
    300000    1.2339    2.0750    2.4097    2.6161    1.6094    0.3429    2.8869    1.2447    2.8480    0.7305    1.6388    2.7143    1.3688    3.0787    2.8679    0.1088    2.5295    2.9024    2.1213    2.7246    0.2880    2.9346    2.9651    1.9724    1.6862    2.1679    1.8532    0.4002    1.2982    2.9469    1.8098    2.6015    1.1671    0.1684    0.8175    2.3720    2.5500    1.0772    2.3420    1.7100    1.4788    1.6825    1.4782    2.1798    1.3212    2.7467    1.3719
    300000      35.398212
    310000         6.9837       -26.1989        33.1826
    310000         4.5278         7.3997
    310000    1.4830    2.0291    0.9655    1.8332    1.6668    0.5069    0.5100    0.1903    0.6670    0.2236    0.9019    1.3847    0.7525    1.2174    2.7007    0.0018    1.5998    0.3459    1.0299    0.9422    1.2529    0.5168    2.0558    0.1721    1.5674    0.0602    1.6227    0.1596    2.1534    1.1118    3.0877    2.2066    1.8429    1.9560    2.4166    2.4633    1.2639    2.4102    0.3417    1.4827    1.7564    0.7730    3.0231    1.8192    2.2080    1.9439    3.1082
    310000      36.598287
    320000         9.4014       -28.9977        38.3992
    320000         4.3326         6.4790
    320000    2.0932    1.9149    0.5614    0.0626    1.8340    0.4986    1.5466    0.3241    1.3306    0.3906    1.3805    2.9515    2.4591    0.6813    2.5322    1.1666    2.9655    0.4658    2.9443    0.8609    2.5161    1.3904    2.3205    0.1148    1.4579    0.4930    0.7557    0.2181    1.9463    1.1555    3.0833    2.5916    0.2466    2.1842    2.6363    1.3712    3.0987    2.2469    1.0535    0.5536    2.8995    0.0398    2.8057    1.7362    2.3259    1.9758    0.0866
    320000      37.790361
    330000         6.3391       -25.2559        31.5950
    330000         4.5422        12.3349
    330000    2.2981    2.3120    2.8237    2.9538    1.1800    3.0239    1.7108    1.6971    2.3956    1.0402    0.6847    0.6326    0.1004    0.3717    0.2823    0.3110    1.4054    0.3691    1.8123    2.2248    1.1562    0.3013    1.1271    1.4653    2.6487    1.9059    2.1089    2.1381    2.0017    0.6332    2.4152    1.0692    1.5524    2.9185    1.8985    0.8211    2.6335    2.0206    0.9166    2.9816    2.3844    1.4332    3.0848    2.9066    2.4456    1.7792    2.5708
    330000      38.998437
    340000        10.3857       -26.7271        37.1129
    340000         4.4131        10.6842
    340000    2.2684    2.4063    3.0345    0.2607    1.9509    1.5600    0.8798    1.4445    2.3614    0.4227    1.7281    0.9459    0.1465    2.2522    2.1204    0.0929    2.8077    2.3230    1.6402    1.0718    0.9094    0.7259    0.0391    0.6118    2.5592    0.6395    3.0793    1.4898    2.0170    0.4060    1.7195    1.6197    0.8635    2.5425    2.1730    0.2597    2.9511    1.1371    2.7166    1.5016    2.3740    1.8250    2.1510    1.6958    2.0396    2.0656    1.1842
    340000      40.178511
    350000        12.2593       -26.5615        38.8208
    350000         6.4257         7.5975
    350000    1.5000    2.9361    2.0911    2.5596    2.3619    0.1706    2.3127    0.8352    1.8823    1.1458    0.9393    2.7512    2.2555    0.8046    2.5688    1.8649    2.5491    2.3714    2.4677    0.7760    2.5220    2.4866    2.5839    0.3556    3.0968    1.9240    2.9792    2.6374    1.5275    0.0309    1.2230    1.7753    2.9105    0.6284    2.2832    3.0206    3.0222    2.4604    2.2075    1.5766    2.5528    1.1521    1.6441    2.7798    2.3202    2.7317    2.7929
    350000      41.374585
    360000         1.9458       -32.1561        34.1019
    360000         3.3323         6.9331
    360000    2.2180    2.2064    2.7496    2.9912    0.8311    2.2937    2.5246    0.6997    3.1396    0.7267    0.2764    0.6109    0.6080    0.6250    0.1796    0.4136    1.9896    0.3588    1.8468    0.2423    1.7806    1.3619    1.0780    0.0866    2.4844    0.4446    2.2478    2.1570    1.7135    0.8930    3.0248    1.1485    1.4475    2.4038    0.4011    1.3603    0.2265    3.0103    0.0206    2.5067    2.4010    1.0678    2.5949    1.0961    1.7480    0.1789    0.2653
    360000      42.582661
    370000         6.4535       -30.7807        37.2342
    370000         6.0267        10.2674
    370000    1.9430    2.4618    2.5323    2.1309    1.8253    0.9280    2.7766    0.5256    2.3250    0.7418    1.3816    2.9643    1.8034    0.2679    2.7251    2.2012    0.2886    1.8185    2.9218    0.9489    2.4910    0.7526    2.6950    0.1467    3.0331    0.5528    1.1678    2.5125    1.0861    0.2636    2.2692    2.7807    0.4981    0.6525    2.9887    2.8182    3.0605    2.0183    0.7460    0.4276    2.4577    0.3448    3.1276    0.5854    1.8384    0.6562    2.8039
    370000      43.802737
    380000         3.9405       -31.1999        35.1404
    380000         6.6210        10.8278
    380000    1.4500    2.5286    2.0822    2.6617    2.2124    0.1004    2.2600    0.8012    1.8398    1.2463    0.5749    2.3957    2.6076    1.3763    2.9825    1.0924    2.7577    2.4179    2.6326    1.1772    2.5422    2.3824    2.1443    1.2130    2.8057    2.2546    2.8405    2.6745    1.6554    0.2069    0.5242    1.7048    0.5672    1.0614    2.4998    2.9614    3.1259    2.1335    2.3624    1.3417    2.7275    1.4588    2.1865    0.2890    2.4666    1.6193    2.7537
    380000      45.014813
    390000         6.9808       -26.5314        33.5122
    390000         3.6918         9.9585
    390000    2.2451    2.2227    2.8200    2.8992    1.0804    2.0149    2.2938    1.3386    2.7199    0.9918    0.3721    1.1497    0.0767    0.0882    0.7587    0.4003    1.2430    0.4630    0.9544    3.0718    0.9240    0.4971    1.5026    1.2260    2.7845    1.6005    2.3126    2.4926    1.6564    1.2036    2.8663    0.8102    1.6023    2.4804    0.7657    2.5084    1.9138    2.3323    0.4141    2.4965    1.9793    0.0866    2.5402    0.5822    2.3366    0.2033    1.3769
    390000      46.210888
    400000        11.5860       -26.4935        38.0795
    400000         4.4851         8.7746
    400000    2.1150    2.3617    0.4220    2.7437    0.8159    0.5218    0.9618    0.1893    1.8191    0.7194    1.7329    2.5915    1.3337    1.5922    2.4437    0.3916    1.3915    1.7172    0.9507    0.4971    0.3993    2.0741    2.0809    0.3110    2.4100    0.1524    1.8513    0.4591    2.4968    0.4594    2.5472    3.0430    1.0430    2.3215    2.4520    2.3118    2.4170    3.0340    1.7579    1.5123    1.9649    0.6795    3.1233    1.8162    2.6028    1.8855    2.9658
    400000      47.382961
    410000        10.4408       -24.8281        35.2689
    410000         4.9526         5.6381
    410000    1.9257    2.0733    2.7377    2.9765    1.1195    1.8286    3.1288    1.7255    3.1244    2.3375    1.9203    2.4379    1.6647    0.1651    1.8480    1.9511    3.0214    0.2287    3.0063    0.7202    1.9081    0.1677    1.9093    2.3351    0.6597    0.8656    0.8998    0.0510    1.7047    1.5740    2.9383    0.8772    2.0322    0.7725    0.1976    1.4056    3.0261    2.5756    0.3718    2.5321    2.3375    1.1393    2.7017    1.9764    2.4321    1.7776    2.6114
    410000      48.567035
    420000        11.3440       -27.8877        39.2317
    420000         6.6029         8.0961
    420000    1.7684    2.7100    2.0617    2.3501    1.7813    0.4485    2.9923    1.9809    2.2534    0.1552    2.3036    2.6974    0.4424    0.0628    2.2158    2.7967    2.6395    3.0763    2.4098    1.7023    0.8480    2.3613    1.5654    2.2642    2.0735    2.7934    0.8435    2.4728    0.7951    2.5390    0.3328    1.5396    0.4521    2.8657    2.6843    2.8488    2.7492    2.0848    2.8946    0.2323    2.1584    2.0477    1.3933    2.0329    2.5593    0.3166    2.6331
    420000      49.771110
    430000         5.0461       -32.0455        37.0916
    430000         5.8699        11.4197
    430000    1.2874    2.2003    1.9758    2.7211    2.6626    0.1593    2.7412    0.3022    2.0695    0.0307    1.5568    1.8418    1.9798    2.7528    2.6465    0.0631    2.5574    2.9165    1.5559    2.7452    0.4138    2.9173    2.8345    2.0737    2.8308    1.8931    0.5707    2.6518    2.1156    1.1253    1.4179    2.2255    1.6574    1.9444    2.3300    2.7574    0.4048    1.7220    2.2023    1.7949    1.6279    1.6961    0.3861    1.2032    1.4519    1.3067    0.7858
    430000      50.975185
    440000         3.5687       -27.6117        31.1804
    440000         4.0406        12.0104
    440000    2.2310    2.4391    3.1021    0.5206    2.1668    1.8114    1.2779    2.4695    1.7792    1.6450    0.8797    0.6095    0.5731    0.9084    1.0514    0.3728    1.2945    0.3134    1.9196    1.7366    0.5012    0.6016    0.7165    0.8664    2.8215    0.4833    2.2294    2.1830    2.4724    0.3423    2.3460    0.5652    1.4722    2.9560    0.4703    0.3471    2.5205    1.9555    0.8530    2.0230    0.6366    0.2410    1.5693    0.8324    1.0860    1.0759    0.1598
    440000      52.171260
    450000         3.6724       -30.5189        34.1914
    450000         4.6804        10.9632
    450000    2.2367    2.4219    2.9739    2.6038    1.5700    2.9400    1.6250    2.3278    2.2747    1.5235    0.8470    1.7526    0.0698    0.7609    0.8195    0.6329    0.7471    2.7396    2.5474    3.0327    1.2016    0.4117    1.8768    1.0430    2.5085    1.1266    3.0289    2.3545    1.4528    0.5370    3.0198    0.1181    1.4762    2.5870    0.0445    0.2749    3.1052    2.4665    0.4371    2.1310    0.2988    0.3364    2.5097    1.2870    2.7629    1.2453    0.7625
    450000      53.391336
    460000         6.0242       -26.2855        32.3097
    460000         4.0803         4.0193
    460000    2.0871    2.3660    2.7484    2.7516    1.3448    1.1937    2.7077    1.2041    2.4278    0.8968    1.2202    1.3620    0.7971    0.7619    1.1369    1.5561    2.4316    0.2944    1.8841    0.7321    1.5977    0.1501    1.7800    0.8506    2.7047    0.1902    0.5410    0.2281    1.5484    0.3897    3.0639    0.8057    1.8868    0.2392    3.0876    1.7627    0.7261    3.0123    2.1129    0.5256    2.8807    0.5565    1.6164    1.8401    2.1080    2.2378    2.7447
    460000      54.599412
    470000         3.5547       -25.1458        28.7005
    470000         2.9624         9.0971
    470000    2.2811    2.4118    2.9950    2.3977    1.8366    2.8617    1.3768    1.7583    2.3317    1.0151    1.1919    0.3848    0.1311    0.3502    0.5067    0.5532    0.8568    0.3212    0.2217    2.9641    0.4872    0.9887    0.7580    0.9219    3.0642    0.3357    2.1978    2.8825    1.6026    0.8529    2.6463    0.0679    0.8780    2.1455    0.2473    0.1663    1.7313    1.9930    0.0633    2.1947    0.2377    1.0090    1.8476    1.9009    0.8479    3.0109    0.4016
    470000      55.815488
    480000         7.2450       -25.7092        32.9542
    480000         5.8216        12.3951
    480000    1.5954    2.1141    3.0374    3.0874    2.5595    1.4419    1.2221    2.2599    2.2857    1.4969    2.7774    2.1893    2.4282    1.2551    2.1781    0.8700    0.7388    1.0805    1.9262    0.0034    0.8870    0.4170    2.6681    0.9705    0.4277    1.1171    2.1807    0.1108    2.7097    0.8736    3.0499    0.7249    2.9912    0.1254    0.9748    1.0531    1.2780    1.2280    2.6857    2.2601    2.2807    0.9106    2.3738    0.5447    1.2675    3.0553    2.7783
    480000      57.019563
    490000         5.5230       -26.9261        32.4491
    490000         4.9802         9.9147
    490000    1.1499    2.1537    2.5811    2.9508    2.7642    0.5713    0.2523    0.1261    1.7231    0.0479    1.9359    2.7238    2.0432    1.1404    2.7759    0.1408    0.9418    0.8413    2.3978    0.2396    0.3091    2.1631    2.2762    0.4881    1.4544    0.0717    1.4783    0.0642    2.4676    1.1441    3.1374    1.0526    2.7157    0.2599    1.1168    1.3039    0.8670    1.2351    3.0538    1.2673    2.8345    0.0465    2.0722    2.3754    2.7585    2.3269    3.0870
    490000      58.235639
    500000         7.7177       -26.3189        34.0366
    500000         2.9236         7.3518
    500000    2.2939    2.4563    2.9864    2.6851    1.4430    3.1064    1.6255    1.7622    2.4801    0.8864    0.0215    0.7078    0.2804    0.9294    0.0178    1.8883    2.7887    0.2238    0.8344    1.5320    1.1042    1.7280    0.6412    0.5120    2.8116    0.8149    1.1195    2.0017    2.3934    0.0131    2.8499    0.5202    0.0309    3.1375    2.7499    0.1637    0.0312    2.2783    0.5645    1.0978    2.8660    0.9006    3.1095    1.7044    2.2140    3.0474    1.0269
    500000      59.435714
    510000         6.3977       -28.4275        34.8252
    510000         5.1651         6.0863
    510000    2.1295    2.4541    2.8813    2.3479    1.9815    1.0535    2.7240    0.8922    2.0761    0.3860    2.2378    2.5818    0.8026    0.2980    2.0002    1.6782    2.3817    1.3252    2.3452    0.5991    1.7390    0.3002    2.0312    1.5265    2.8772    1.4042    0.1550    0.9508    0.4877    1.1790    2.7152    2.4466    0.4306    1.9025    2.4096    0.8682    2.3876    0.7644    2.2531    1.0350    2.9525    1.4546    2.2257    2.9195    2.4715    2.9884    1.9441
    510000      60.631789
    520000         4.2445       -32.2650        36.5095
    520000         3.0225         9.7446
    520000    2.2931    2.4435    3.0078    1.7606    2.5487    2.7267    1.4248    1.7624    2.5665    0.7831    1.3678    0.4711    0.0602    0.3750    0.3164    0.3359    1.6038    1.5504    0.6753    2.4629    0.3329    1.3249    0.3431    0.9055    3.0510    0.2664    2.1355    2.4030    2.7819    1.8788    2.0763    0.2263    0.6131    2.8687    2.0095    0.2713    1.4820    2.9638    0.5944    2.7847    0.6767    2.1002    1.5510    1.0097    1.2064    2.5280    0.0973
    520000      61.835864
    530000         7.2601       -24.7460        32.0061
    530000         3.6172         9.8705
    530000    2.2711    2.4411    3.0355    2.1587    1.9804    2.7847    1.3311    2.8675    2.5896    1.3320    0.1575    1.3690    0.0757    0.3787    0.1789    0.0293    1.4202    0.0239    1.4163    0.9675    0.8799    1.6565    1.3610    0.9867    2.8011    1.0385    2.4657    1.2118    1.3487    2.8430    2.5294    0.3246    0.7154    2.2821    0.4080    0.7881    2.1287    2.0960    0.1163    2.9478    0.4767    1.7869    2.1406    1.5860    2.0343    1.6512    1.0370
    530000      63.027939
    540000        -1.1067       -29.9076        28.8009
    540000         4.4707        10.0056
    540000    1.5504    2.3478    2.7199    2.3352    2.0850    0.6145    1.1672    0.3133    1.5435    0.0310    1.7014    2.2202    1.5823    1.4498    2.4976    0.0995    0.7066    2.7824    3.1140    0.0662    0.3981    1.2669    3.1081    0.3780    1.1424    0.1239    1.0907    0.0026    2.0989    1.2063    2.9614    1.1150    2.5386    0.0408    1.6541    1.5507    0.7773    1.3261    2.4069    1.0173    2.9412    0.4943    3.1205    1.8893    2.4239    2.9672    2.8824
    540000      64.220013
    550000         2.1824       -28.8032        30.9855
    550000         5.1230        11.2205
    550000    1.3915    2.2934    2.9493    2.7243    1.9003    1.1870    1.0517    2.1356    2.3283    1.3026    2.9845    2.9319    2.9699    1.6097    2.5561    0.0591    1.4807    0.2027    2.3330    0.8526    0.1980    0.4279    2.5076    1.0117    0.4645    0.7391    1.5252    0.1291    2.2588    1.2918    3.0433    0.9257    2.5063    0.5808    0.8414    0.2923    0.3695    0.7754    3.1295    0.7609    2.9133    0.6749    2.9917    1.2491    2.1426    2.3747    2.8718
    550000      65.400087
    560000         2.3116       -29.0605        31.3721
    560000         4.7767        10.7758
    560000    1.1990    2.2127    3.1194    2.7611    1.8316    0.8954    0.3774    0.7939    1.4301    0.7091    2.1332    2.5842    2.0881    1.3417    2.4979    0.2275    0.9880    0.7500    2.2909    0.0205    0.0461    0.4577    2.6760    0.7737    1.2422    0.2499    1.4399    0.0325    2.3748    1.1237    2.9553    0.9471    2.9240    0.1563    0.9912    0.7930    0.2232    0.7903    2.8502    0.6783    2.8023    0.1340    3.0019    1.8187    2.1956    2.9077    2.7378
    560000      66.592161
    570000         4.5454       -28.3360        32.8814
    570000         4.6033         8.4699
    570000    1.2703    2.3214    3.0804    1.9918    2.5069    0.1748    1.8622    0.8986    1.2310    0.2729    1.5667    2.0288    1.4776    1.0117    2.5447    0.2008    0.1875    3.0107    1.9450    0.8595    0.2179    1.7701    3.0728    0.4654    1.9447    0.3942    1.1674    0.1004    2.4206    0.9009    2.6959    0.2561    2.9401    0.5988    2.3941    2.5990    2.0306    2.0265    2.4821    1.3964    2.7639    0.8404    2.2632    1.1538    2.2566    2.8922    2.7183
    570000      67.752234
    580000         3.3072       -28.1366        31.4438
    580000         4.9532        10.3646
    580000    1.2547    2.1443    2.8212    2.9991    1.9618    0.6676    0.4237    0.8200    2.4830    1.3033    2.9472    2.9863    2.8584    1.0482    2.8679    0.0551    1.6193    0.3137    2.9960    0.0287    0.4715    0.0737    2.4477    0.8095    0.6574    0.6726    1.6966    0.1453    2.4373    1.0902    3.0911    0.7486    2.9469    0.2254    0.7786    0.0191    1.3725    0.3538    3.0621    1.4000    2.5022    0.9490    2.9663    1.3796    2.0846    2.5236    2.7752
    580000      68.936308
    590000         7.7829       -27.2478        35.0307
    590000         4.7764         9.9438
    590000    1.2981    2.1960    2.9508    2.6666    2.1680    0.7093    0.3175    0.9897    2.3380    0.5347    2.6491    3.0176    2.1523    0.4107    3.0263    0.5292    2.4044    2.3464    2.3159    1.8824    2.1552    0.4772    1.2757    1.0015    0.9187    0.4629    1.3499    0.0283    2.7537    0.7959    2.3330    0.3862    2.6008    0.7994    0.2400    0.0129    1.4350    0.1886    2.5261    3.0152    0.4873    0.2155    3.0129    1.7557    2.4577    2.6114    2.8521
    590000      70.132383
    600000         7.8601       -27.4980        35.3581
    600000         7.3323        11.0230
    600000    1.2629    2.2579    2.3033    2.7288    2.1256    2.3046    2.6734    2.6373    3.0686    3.1412    2.2756    1.5315    2.2637    1.3993    1.3157    3.0383    2.2306    2.3745    2.5532    2.2694    2.8576    2.3955    0.3387    2.7576    2.8448    1.0230    2.4845    1.4575    2.3350    0.1728    2.0729    1.3676    2.5158    0.3837    2.0438    2.5139    2.9929    3.0341    2.6766    2.8235    1.5282    2.3450    1.5905    2.3608    0.2152    0.7361    1.6154
    600000      71.340458
    610000         9.5720       -27.3365        36.9085
    610000         5.0888        10.1737
    610000    1.2895    2.3463    2.9542    2.6728    1.7169    0.4807    2.3995    1.2528    1.5393    0.2902    1.9853    2.2202    1.5236    1.1735    2.5535    0.0495    0.9386    2.3514    1.7458    1.7954    0.7441    2.0017    2.6037    0.3535    1.6289    0.2012    1.3913    0.0736    2.7025    0.9149    2.2450    0.5738    2.4918    0.9104    2.9154    3.0725    3.0347    2.9335    1.4413    2.1385    1.9441    1.1461    2.2688    1.0064    2.5138    3.0842    2.8799
    610000      72.564535
    620000         9.9993       -28.8980        38.8973
    620000         5.7748         7.7599
    620000    1.4628    2.5731    1.9386    0.8779    2.2331    0.1704    2.4981    1.7235    1.4571    0.7435    2.2775    1.3085    1.6511    0.9568    1.1512    0.2350    2.3791    2.9648    0.4839    2.3856    0.9346    2.4373    2.6025    0.4715    2.3646    0.9972    1.8843    1.7673    2.8847    0.5132    1.3546    1.6537    2.1267    0.2410    2.9178    3.1115    3.1139    2.9355    2.6361    3.0543    0.8599    2.7626    2.4122    0.5283    2.8866    1.8354    2.9242
    620000      73.784611
    630000         5.0021       -35.2510        40.2531
    630000         5.7295         9.7833
    630000    1.4261    2.3283    0.9166    2.5204    0.6675    2.1548    2.2748    2.6641    2.7177    3.1251    3.0065    3.1109    2.9995    0.1296    2.9281    0.2684    1.4476    0.2028    2.9762    1.1544    2.6317    0.1607    2.3743    1.1806    0.2008    1.6977    2.4440    0.1666    2.6938    0.8340    2.4886    0.3675    2.5367    0.3337    0.0381    1.5397    2.5864    0.1676    2.9085    2.3363    2.2817    2.8430    2.3795    1.3589    0.5421    0.9058    2.1210
    630000      75.012688
    640000         5.2783       -29.1504        34.4287
    640000         2.9538         8.9117
    640000    2.2668    2.4914    3.1148    1.6135    2.5642    3.0468    1.3525    2.3725    2.8598    0.7893    0.7118    0.2153    1.1091    1.0567    0.6192    1.5177    2.8562    0.9112    0.2963    1.6634    1.2346    2.4644    0.5591    0.2486    2.8271    0.5020    1.6741    0.7752    1.3996    2.5434    3.1111    0.6715    1.0157    1.9636    3.0814    0.0273    0.1352    1.8475    0.0763    2.4468    0.3716    2.3764    2.6446    3.1094    1.2099    0.6136    1.2269
    640000      76.236764
    650000         8.3175       -26.2383        34.5558
    650000         7.1377        13.6693
    650000    1.2143    1.9792    0.6639    3.1394    1.9081    2.9551    2.4728    1.8540    3.0891    1.9026    2.0519    2.6774    2.4529    0.4239    2.4115    1.7691    2.0311    1.1129    2.8883    2.2030    2.8799    0.4900    2.5011    0.7804    1.1807    1.2828    2.5843    0.0063    2.5793    1.1223    2.4305    2.4730    3.0647    0.5580    1.5056    2.4169    3.1236    2.1445    1.3574    2.9555    1.8013    2.9266    2.9400    0.7245    0.6674    3.1342    2.8407
    650000      77.400837
    660000         8.6200       -26.8450        35.4650
    660000         4.2982        11.5458
    660000    1.7894    2.3969    2.3296    2.8479    1.5206    0.5070    1.9583    2.9515    1.8902    2.4040    0.5009    0.7736    1.4229    0.4401    1.4140    0.4681    1.3765    1.9725    1.1324    2.7637    0.4262    2.5447    2.0258    0.0238    2.1633    0.1505    1.4923    1.8110    2.3282    0.6377    1.9198    1.6400    1.0894    1.5203    1.9693    1.9822    0.8340    0.7809    2.3529    2.2105    0.7643    1.2012    2.3859    0.6569    2.8160    0.4719    1.9729
    660000      78.616913
    670000         3.2303       -30.2115        33.4418
    670000         3.6483         8.1678
    670000    2.2699    2.4644    2.9819    2.8021    0.6767    2.9472    1.4996    0.7370    2.7681    0.5598    1.1108    0.1955    1.3557    1.5364    0.1299    2.8156    1.4526    0.8923    0.0365    2.5299    0.6981    2.6781    0.8261    0.1693    3.1352    0.4149    1.3452    0.3757    2.9249    0.1320    2.8153    0.3062    0.7198    2.6200    2.9190    0.0591    1.1712    2.4947    0.6738    2.8627    1.5416    2.1376    2.5835    0.4804    0.0908    2.0753    1.1523
    670000      79.824988
    680000         4.3524       -30.4711        34.8235
    680000         3.9491        10.3957
    680000    2.2334    2.6694    2.9869    0.4084    1.7384    2.0086    1.5325    1.5718    2.6159    0.9086    0.0001    0.3108    0.8015    1.2105    0.4322    1.7318    2.7322    0.3803    1.0942    1.2816    1.6566    1.1717    0.6637    0.0457    2.7408    0.4353    0.9695    0.8588    1.7145    0.1503    2.7679    0.4472    0.0219    2.9300    2.1997    0.2074    1.4430    2.4679    0.5182    2.8347    1.4380    2.4223    3.1357    0.9865    1.2784    1.9604    1.5135
    680000      81.033064
    690000         3.8396       -30.6660        34.5056
    690000         3.5150         8.1802
    690000    2.2609    2.3764    2.9796    0.1166    1.9249    0.2295    1.6704    1.7049    2.9367    0.1760    1.5329    0.3068    1.6911    1.9312    0.2959    2.3390    0.1127    1.2903    0.3472    2.6437    1.0378    2.0413    0.6586    0.0670    2.8465    0.3164    1.6725    0.2101    2.2677    0.3824    2.7500    0.0770    0.3141    2.8716    2.6095    0.3893    1.2814    2.6490    0.8075    3.0086    0.0504    2.5563    1.7507    1.4055    0.7138    2.5255    0.6206
    690000      82.241139
    700000         6.6011       -30.0378        36.6389
    700000         4.7374         5.2545
    700000    1.8933    2.7381    1.5442    1.1179    1.8939    0.2513    2.3149    0.6274    1.6748    0.1090    1.7977    3.1338    1.5203    0.4565    2.8437    2.8212    1.8159    2.5631    0.6866    1.8525    1.4482    2.1600    3.0902    0.5979    2.9573    1.7755    1.0057    1.0830    2.9287    0.1720    1.2838    1.9167    1.6515    1.9012    2.3794    2.4869    2.7517    3.0726    2.2562    0.6661    2.2403    0.9882    2.7755    0.9632    2.7229    2.3641    2.8702
    700000      83.461215
    710000         1.5865       -34.6461        36.2325
    710000         3.4984         9.3570
    710000    1.9513    2.5213    2.6387    1.3654    1.9270    0.9860    2.7622    2.7557    2.9364    0.1421    1.9479    0.7878    2.1090    1.5672    0.9545    0.9195    1.1892    2.0406    0.8952    3.0366    0.8113    2.7356    2.7735    0.2419    0.2673    0.2432    0.6473    0.2923    1.5419    0.9275    2.3621    1.0354    0.8809    1.0065    0.4932    0.9227    2.7931    2.0581    3.0917    2.6842    0.1689    0.1233    2.8231    2.1489    1.0886    0.1698    1.2497
    710000      84.693292
    720000         3.8346       -31.6672        35.5018
    720000         3.4152        10.7832
    720000    1.8949    2.9153    2.1342    2.4064    1.9871    1.1826    1.2559    1.9501    2.0062    0.5549    2.7777    0.5246    1.8905    1.6681    0.6490    0.9673    0.9523    2.0405    0.9033    3.0814    0.4330    3.1022    2.8005    0.3695    0.4080    0.3734    0.1674    0.7965    1.3853    1.1038    2.4913    0.7932    0.7656    0.9965    0.3840    0.6115    0.2213    2.4847    0.4688    2.8557    0.6496    0.8371    2.3424    1.3118    2.0116    0.1798    0.4240
    720000      85.925369
    730000         3.6246       -32.3802        36.0049
    730000         3.2340        10.4730
    730000    2.1803    2.4935    3.0152    0.8719    2.5576    1.6198    1.7003    2.2191    2.3422    0.2978    1.5486    0.6847    1.6616    1.4826    0.0057    2.6673    0.4624    1.4360    0.6587    2.7629    0.5010    2.7658    1.7893    0.0421    1.6796    0.5921    0.2355    0.9085    1.0190    0.8706    2.6552    0.3316    0.3331    0.8026    0.6272    0.5449    0.7698    2.5878    0.3464    3.0001    0.6839    2.0283    1.3507    1.8709    0.4888    2.3344    0.2634
    730000      87.165447
    740000         7.6155       -25.5720        33.1875
    740000         6.8911         6.5142
    740000    1.7144    2.3282    2.5577    2.8833    1.7097    0.4426    3.0451    0.4803    2.5084    1.5829    0.4658    2.2336    2.1593    1.5548    2.9663    1.4664    2.3148    2.5858    2.3607    2.3842    2.4744    1.5480    1.7579    2.9971    3.0118    0.7512    0.3986    3.0632    1.3911    1.7865    0.4765    2.4679    2.3202    0.9370    1.0771    2.2249    2.9176    2.0263    2.7930    1.1095    0.1947    2.8463    2.7804    0.0367    2.7512    2.9942    2.6984
    740000      88.389523
    750000         6.5000       -26.5096        33.0096
    750000         4.5765        10.4643
    750000    1.5763    2.2863    2.9920    2.6512    2.5899    0.8194    0.1176    0.5932    2.2659    0.2653    2.5276    2.9899    2.8537    0.6267    2.6493    0.0598    0.9525    1.2037    3.1095    0.4577    0.1009    1.5738    2.5155    0.5666    1.1172    0.3915    1.2996    0.0775    2.5118    0.8059    1.6758    0.9075    2.5809    2.5577    2.2159    1.6244    1.5671    0.4710    2.1772    1.1115    2.3228    0.5965    1.5282    1.5485    2.4723    2.0490    3.1012
    750000      89.601599
    760000         7.5305       -30.6995        38.2300
    760000         7.3023         8.6232
    760000    1.5813    2.2046    2.7535    1.3601    2.5240    0.4417    2.5803    1.5628    2.4251    3.0095    0.2519    2.4866    2.6177    1.6034    3.1219    1.2429    2.1376    2.8497    3.0115    2.9446    2.7332    1.7496    1.8333    1.7028    3.0180    0.0741    0.9683    2.1194    2.5042    1.1862    2.2317    2.4592    3.0922    0.1250    0.5558    2.0482    2.9225    1.7252    2.5019    3.0790    3.1255    2.2481    2.7869    1.6055    1.9339    2.6077    2.6606
    760000      90.801674
    770000         6.5448       -31.9444        38.4892
    770000         3.1627         8.7307
    770000    2.2440    2.3686    3.1115    0.4033    2.2408    1.9260    1.6463    2.0540    2.7104    0.5517    1.2863    0.0520    1.0482    1.2777    0.3878    1.1565    1.2766    2.0651    0.7739    2.8293    0.2670    2.6477    0.9032    0.2594    2.7150    0.2232    2.0786    2.4487    2.3276    0.8103    2.6095    0.6330    0.3721    2.4844    2.5094    0.5678    1.0923    3.0549    0.9688    2.2103    0.0925    2.5987    0.5849    1.4165    0.8276    3.1197    0.4280
    770000      92.017750
    780000         2.0925       -34.1621        36.2546
    780000         3.6306        10.2492
    780000    2.0073    2.5855    2.7013    1.4785    1.9605    1.2124    1.2700    2.6536    2.1817    1.1087    2.0960    0.4491    1.1060    0.3895    1.8297    0.9363    0.2292    0.4538    1.0206    3.1202    0.1550    1.4907    3.0459    1.3526    0.8671    0.0649    1.0090    0.5829    1.2837    1.5813    2.3639    0.4623    1.0547    2.4071    0.3484    0.5371    2.8406    0.3506    0.7108    1.1147    2.5495    0.0178    1.7897    2.4669    0.3411    1.4765    0.1198
    780000      93.241827
    790000         6.8124       -33.2493        40.0618
    790000         3.4048        10.1061
    790000    2.2200    2.5359    3.0894    0.7979    2.6416    2.0044    1.3043    2.3871    2.3655    0.6621    1.8004    0.5580    1.7043    1.4169    0.1970    2.4368    1.9951    1.1945    0.2204    1.6912    0.6645    1.9927    1.9676    0.0947    1.8794    1.0217    0.4378    1.2025    1.4912    1.2260    2.7283    0.2477    0.7498    2.0353    1.2939    0.1784    0.5822    2.1489    1.3909    0.2423    0.7172    0.9175    2.3269    2.2159    0.7934    1.6885    0.7622
    790000      94.481904
    800000         1.1788       -31.9680        33.1468
    800000         3.0324         9.5604
    800000    2.1589    2.4815    3.0135    0.7875    2.0659    1.3685    1.5061    2.4668    2.3831    0.5458    1.6069    0.2581    1.3239    1.4184    0.5516    0.9136    0.7601    1.6776    0.5398    2.6386    0.3938    2.9318    2.0217    0.0549    1.7074    0.7664    0.1583    1.0463    1.4539    1.2798    2.5273    0.0020    0.4543    1.8174    1.3714    0.2719    0.4126    2.1917    0.8905    1.0877    0.1271    1.5876    2.2714    1.8538    0.9614    2.2004    0.5502
    800000      95.725982
    810000         5.0505       -33.2351        38.2856
    810000         3.2107        11.1559
    810000    2.2345    2.4998    3.1257    0.3045    2.0921    1.6204    1.4816    2.6094    2.1192    0.7453    1.4353    0.2467    0.8271    0.9579    0.4091    0.5148    1.4302    1.5041    0.4447    2.9182    0.2016    2.9012    0.8373    0.3637    2.8889    0.3134    1.2116    1.4391    1.0198    1.2715    2.4253    0.2701    0.3839    2.6184    1.2504    0.2427    1.3409    2.4488    0.6703    2.5663    0.5803    0.4846    0.4765    1.5869    0.9376    2.6129    1.2226
    810000      96.962059
    820000         3.5716       -29.7698        33.3414
    820000         3.0022         8.8549
    820000    2.2713    2.3991    3.1107    0.6848    2.2010    1.7236    1.5219    2.8273    2.2899    0.2556    1.4917    0.3261    1.5402    1.7645    0.5499    0.5301    1.5406    1.5563    0.5410    2.5273    0.6198    2.4995    1.3439    0.0301    2.4553    0.5270    2.0814    2.1712    2.4854    1.2102    2.5623    0.3398    0.7564    2.1342    1.2856    0.0062    0.9415    2.7612    1.0486    2.5357    0.9537    0.5351    0.8832    1.5293    0.5628    0.3041    0.1648
    820000      98.210137
    830000         1.1516       -30.2214        31.3729
    830000         3.7485        10.3427
    830000    2.0123    3.1092    2.3339    1.9243    1.4802    0.8415    1.9979    3.0965    2.2820    0.8054    1.9752    0.4245    0.2267    0.0132    2.0566    1.0666    0.5006    1.6924    1.9273    2.9275    0.2945    1.4158    2.6546    1.3066    0.6089    1.9693    3.0394    0.3252    2.7372    0.8095    1.8391    0.3494    1.1592    2.6543    0.3965    0.8932    2.7923    0.4322    2.6426    0.6127    1.1270    1.1209    0.1498    0.7103    1.7568    1.3154    0.8390
    830000      99.446214
    840000         7.0523       -31.5129        38.5651
    840000         3.4081        10.3817
    840000    2.0990    2.8961    2.6165    1.6526    2.0601    1.4325    1.7179    2.7576    2.2010    0.9551    1.9885    0.0705    0.4171    0.2374    1.0752    0.9631    1.2050    1.3725    0.4538    2.5409    0.2899    1.2368    1.2304    1.6311    2.6169    2.3623    2.7402    0.4203    1.4107    1.2449    1.9500    0.0310    0.0598    2.9095    1.3051    0.5369    2.5352    1.0623    0.0263    2.6306    0.7295    0.2918    1.0551    1.6262    0.9723    0.4697    0.2935
    840000     100.686292
    850000         8.7350       -32.2040        40.9390
    850000         4.5072         7.0245
    850000    2.2348    2.5639    2.8320    2.4441    1.3895    2.5452    0.6213    2.6434    1.5582    1.1537    0.9668    2.6982    1.1923    1.2218    1.1945    1.3351    3.1395    0.0045    1.9227    0.2932    1.7535    0.7757    1.9119    0.4981    3.1259    1.4061    0.6675    1.7667    2.5270    0.8901    2.9737    1.1708    1.2099    2.6760    0.7991    1.3046    1.8708    2.9781    2.2506    0.7619    1.3616    0.1850    2.2744    1.8122    1.9858    2.0495    1.9425
    850000     101.934370
    860000         7.3385       -28.9035        36.2420
    860000         5.4955         4.4433
    860000    1.8115    2.8073    2.6735    2.0319    1.9391    0.0077    2.3436    1.3718    2.1230    2.0687    1.5042    2.0115    0.6619    3.1371    2.8727    0.5092    2.9009    2.4287    0.6411    1.8361    1.6769    2.0594    3.0432    0.0169    2.3203    0.7438    1.3595    0.7209    2.5783    0.8234    2.7917    0.4680    2.9403    2.2547    2.6646    2.2978    2.8489    2.7657    2.6612    0.5555    1.5340    1.1423    1.8033    2.3029    2.9836    3.0923    2.5472
    860000     103.162447
    870000        12.2951       -24.3734        36.6685
    870000         3.2284         8.3368
    870000    2.2826    2.5378    2.9439    0.2960    1.6873    2.1417    1.3461    1.8633    2.2115    0.8345    1.0711    0.2416    0.5262    0.7576    0.0578    0.2460    1.6637    1.2170    0.2292    2.9573    0.0238    1.1425    1.0603    1.1292    3.1227    1.2865    0.4220    2.9860    1.4805    0.4454    2.9953    0.1212    1.2019    2.6217    2.8769    0.3774    1.7919    2.8788    0.8780    2.3853    2.1210    1.3351    2.6499    0.7265    0.5416    3.0379    0.8387
    870000     104.382523
    880000        11.1152       -27.7421        38.8573
    880000         4.0603        10.2157
    880000    2.1185    3.1126    2.7265    1.7575    2.7301    2.1988    1.4429    2.4383    1.9880    1.1869    0.0492    1.2187    0.1221    0.3428    0.2874    0.3142    1.3912    0.5092    0.2788    2.9104    0.5017    0.0440    2.0994    1.2221    2.8567    2.3429    2.4124    0.8343    0.5448    1.3868    1.8621    0.5238    0.5332    2.9481    0.2748    1.5966    2.8082    2.9980    1.0688    1.7771    1.9495    2.8735    2.1858    0.8650    0.1423    2.5296    1.5422
    880000     105.606599
    890000         8.0696       -31.4993        39.5688
    890000         4.9036         2.9300
    890000    1.1734    2.1225    0.1603    1.1816    0.1019    0.4067    0.4034    2.3999    1.7669    2.2365    2.3488    2.8076    2.9068    1.7019    2.7296    0.2356    1.3445    0.6512    2.4998    0.1678    0.1779    0.9617    2.5646    1.3663    0.3668    0.6150    1.5795    0.0416    2.3991    1.2215    3.0125    0.9647    2.7067    2.6719    0.7492    0.2634    1.7614    0.5077    2.2162    0.2159    2.5926    0.6288    3.1141    1.3189    1.9384    2.5809    1.9949
    890000     106.830676
    900000        10.4406       -27.6262        38.0668
    900000         6.1395         6.0010
    900000    1.9872    3.0048    1.7051    2.4465    1.9353    0.3180    2.8471    0.0195    2.6148    2.3333    1.1832    3.0882    1.5350    0.4496    3.0364    0.6037    2.6169    1.6923    3.0968    1.1565    2.7534    1.8459    2.8621    0.0002    3.0960    1.0409    2.5235    2.0924    1.4821    1.7619    2.8178    1.6074    1.4421    1.6042    2.3068    2.1118    2.8258    1.9996    2.0695    1.2952    0.1522    1.9645    0.4146    0.2325    3.0722    1.7796    3.0154
    900000     108.054752
    910000        12.2873       -26.9596        39.2469
    910000         5.6153        12.7772
    910000    1.0668    2.3307    2.8363    2.9468    1.2848    1.6377    1.8319    2.6487    2.4004    1.7807    3.1409    2.9812    2.8101    1.5087    2.8161    0.3322    1.6778    1.3451    2.4814    1.7970    0.7498    2.7289    1.2271    0.8980    0.4777    0.3786    1.5210    0.0499    2.4010    1.2406    2.9693    1.0129    2.5709    2.5338    1.0068    0.2335    2.9385    0.3431    2.8082    0.1754    2.3819    0.2990    3.0324    1.3366    1.2711    3.0326    1.7155
    910000     109.266828
    920000        14.0910       -26.3882        40.4792
    920000         4.3498        11.8779
    920000    1.8316    2.9756    2.0635    2.1349    1.5993    0.5734    3.0026    2.3383    2.3250    1.7207    1.1228    1.4180    1.9510    0.0846    2.0554    0.6777    0.2787    0.1417    0.5294    2.3135    0.2667    2.7282    3.1307    0.0021    0.9795    0.1051    1.1105    0.9738    2.5666    0.1967    2.2278    0.9510    1.6937    2.5540    0.5598    0.5624    3.0015    1.2005    1.5989    2.2903    2.6332    0.5091    2.9066    2.0871    2.8548    2.8192    2.6206
    920000     110.494905
    930000         4.4445       -27.2395        31.6840
    930000         3.5259        10.0884
    930000    2.2916    2.4760    2.9520    2.7497    1.2773    2.6445    1.5134    1.7595    2.3210    0.7478    1.0448    0.0930    0.4944    0.5079    0.1910    0.0790    1.4128    0.2704    1.3726    0.5814    1.2040    1.5672    1.0774    0.3146    3.1194    0.3010    1.4291    2.9334    1.3494    0.4762    2.9523    0.0770    1.1831    2.7508    0.1340    0.5894    1.3184    3.0063    0.5812    2.5540    1.6548    0.4176    2.4261    1.0520    2.4660    0.8199    1.2886
    930000     111.674979
    940000         7.6838       -27.6554        35.3392
    940000         5.5075        14.5849
    940000    1.8711    2.5652    2.3578    2.7870    2.1521    1.1895    2.4314    2.7495    1.9392    1.4183    1.5678    2.3339    2.5126    1.2787    2.4214    2.8190    0.5502    0.9902    1.3891    0.2603    0.4913    0.1013    2.7247    1.2943    0.0668    1.3515    2.4715    0.0009    2.6998    1.1456    3.0095    0.5577    2.8443    2.5808    0.4795    0.5067    2.8128    1.3382    2.9820    1.3579    2.6597    0.1128    2.7069    0.6495    0.1726    3.0224    3.0465
    940000     112.887054
    950000         0.6444       -28.8296        29.4740
    950000         5.8304        13.9317
    950000    1.2659    2.1225    2.6260    2.7339    1.0040    1.1491    1.5993    2.8011    2.9929    1.8371    1.8888    2.5624    2.6699    1.8446    2.5882    1.7101    3.1415    1.1552    2.9749    1.2151    0.4909    1.1597    3.0438    0.8908    0.2191    1.1833    1.5135    0.0314    2.0226    1.5388    2.8891    1.2079    1.9769    1.2952    1.5207    0.7831    2.4798    2.6638    3.0634    0.0409    3.0590    0.1597    3.0031    1.2266    0.6370    3.0829    0.3008
    950000     114.095130
    960000         6.3417       -25.9525        32.2941
    960000         5.8594        13.7117
    960000    1.4243    2.0655    2.6822    2.9140    1.2795    0.8387    1.9429    2.7574    2.8743    2.3668    1.9590    2.5795    3.0807    1.5687    2.6927    2.4915    2.1950    0.6218    3.0711    0.9257    0.1995    0.7228    3.0882    0.9945    0.1419    1.3436    1.9955    0.1823    2.2058    1.3256    2.9638    1.1802    2.2899    1.4923    1.5336    0.1663    0.2051    0.3891    2.3506    0.9524    2.9719    0.0868    2.9407    0.7675    0.3079    2.4720    0.1498
    960000     115.299205
    970000         7.2739       -27.0516        34.3255
    970000         5.4979        14.0597
    970000    1.5183    2.0318    2.6884    3.0311    1.4910    0.7413    2.7870    1.5486    2.0919    2.5782    1.8588    2.6570    2.7515    1.3558    2.7401    2.5904    1.9502    0.0713    3.1373    0.1819    1.0858    0.0903    2.4470    1.1637    0.2362    1.1683    1.8647    0.1934    2.1757    1.1661    3.0055    1.1038    2.4246    2.1582    2.2306    1.5018    2.0547    0.3688    2.4999    0.9446    2.9425    0.0602    3.0991    2.0064    2.1925    2.9760    2.8645
    970000     116.511281
    980000         5.7137       -27.7514        33.4652
    980000         6.1042        14.4754
    980000    1.4940    2.1626    2.6828    3.0805    1.3157    0.7938    1.9470    2.5241    2.5832    2.4749    1.8385    2.9175    2.8485    2.0744    2.5537    2.2263    2.1209    0.5808    3.1232    1.0223    1.8306    0.1445    2.6191    0.9124    0.5503    1.1790    1.8279    0.2329    2.2034    1.2916    2.8952    1.1949    2.2802    1.0118    1.4025    0.4009    0.6558    0.3681    2.7741    1.0089    3.0126    0.1931    3.0145    1.2142    1.5483    2.9830    2.8761
    980000     117.711356
    990000         7.5489       -22.9668        30.5157
    990000         3.7070        10.9992
    990000    2.2968    2.5136    2.9878    2.5771    1.2204    2.5410    1.4224    1.6764    2.5213    0.7064    2.9592    1.2821    1.0058    0.6051    0.1111    0.5620    1.5343    0.9966    0.1485    3.1205    0.3477    1.5683    0.3728    0.8982    3.1289    0.2959    1.8072    3.1185    1.4223    1.1606    2.6997    0.2758    0.8051    3.0727    1.8044    0.4552    2.1152    2.9838    0.2709    2.7074    1.2069    2.3539    1.8494    0.7414    1.3557    1.8258    0.0971
    990000     118.911431
   1000000         7.0737       -26.8710        33.9447
   1000000         4.4818         9.6755
   1000000    2.1710    2.2598    2.8548    3.0303    2.8007    0.9052    2.6969    0.9684    2.7207    0.9109    2.9291    1.8101    2.1547    0.5426    1.0398    1.8729    2.7090    0.0754    2.2476    0.3897    1.9391    0.3685    1.6507    0.4348    2.5358    0.2871    0.9103    0.3919    0.5552    0.0442    3.0405    1.0393    1.0073    1.5375    1.3130    0.9585    2.3459    0.7915    0.0830    1.1844    1.5221    2.5015    1.5308    1.4740    2.3324    1.6259    0.4107
   1000000     120.115506
