# Step Wall_Time_s
         1        39.6214        -5.0630        44.6844
         1        38.1098       130.4820
         1    2.2358    1.1027    1.5564    0.6857    2.0528    1.4552    1.8770    0.2400    1.9210    1.8232    1.9900    0.8912    0.9073    2.0030    1.8965    2.5481    0.8467    1.9872    1.8939    2.0261    0.2430    1.7468    1.9867    1.4086    0.7233    1.2505    2.0854    1.0706    1.3752    0.8612    2.1084    1.1940    1.6473    0.5633    2.0090    1.5957    1.9681    0.1065    1.8755    1.9070    1.9573    2.6518    0.9014    2.0194    1.8819    2.4035    0.7001    1.9346    1.9183    1.8049    0.0696    1.6002    2.0243    1.2500    1.0110    1.0850    2.1057    1.0590    1.4810    0.7746    2.0864    1.3212    1.7604    0.4033    1.9628    1.7225    2.0012    0.0733    1.7924    1.9672    1.9221    2.6436    0.9260    2.0137    1.8816    2.2227    0.4927    1.8533    1.9514    1.5900    0.4096    1.4246    2.0585    1.1339    1.2301    0.9551    2.1143    1.1050    1.5637    0.6797    2.0505    1.4633    1.8834    0.2308    1.9185    1.8285    2.4520
         1       0.001985
     10000        44.9476       -19.4185        64.3661
     10000         9.8970         4.1520
     10000    2.3305    2.1936    1.2606    2.9993    2.0648    3.1211    0.2632    0.2128    0.9914    1.0397    1.9612    0.7013    2.9254    0.5372    1.3560    1.3939    0.3492    2.3062    2.0672    1.6239    0.4407    1.9100    2.7129    1.4101    0.9641    2.9780    1.0656    2.5182    0.2556    1.9171    0.9346    1.0212    0.2205    1.0667    1.2922    2.0915    2.7259    0.3359    2.9558    0.3237    3.0086    0.7987    2.0622    0.6297    1.6280    1.1402    2.0427    0.8803    2.8535    0.2416    2.3353    0.5050    2.4548    0.1402    0.9060    0.7069    1.7382    0.1199    1.7119    0.8138    1.7664    0.8687    0.4871    2.3337    1.2197    0.8892    0.0030    1.4531    1.5341    0.4880    1.2542    0.6571    1.5806    0.3683    2.7431    2.0035    3.0611    0.0366    2.6849    1.1914    0.3148    0.0876    2.2155    0.2206    2.1385    0.4216    2.7518    1.4519    1.8937    1.7408    2.3009    1.9148    2.3833    1.1163    0.8183    1.6234    0.9712
     10000       2.609401
     20000        39.2525       -26.0829        65.3354
     20000        11.8653        18.4077
     20000    2.2241    0.6825    2.6613    0.6077    2.8500    0.6618    1.6404    0.4167    1.4907    2.3324    2.1941    0.4657    1.6632    0.4663    1.5875    0.2379    1.4451    0.0075    1.1756    0.4005    0.8749    0.6201    1.1357    2.8043    0.1652    0.6039    1.9413    0.4463    2.7613    0.3230    2.0496    0.7385    2.9570    2.5162    1.0409    1.1060    0.8887    1.9569    2.7805    0.0128    1.7115    1.0884    2.3633    0.1620    1.8106    2.7346    1.2599    1.2942    0.9710    3.0272    2.4487    1.3820    2.7441    1.6944    0.9684    2.9434    1.4531    0.1522    1.4227    2.2502    1.8230    1.7916    1.8680    0.6292    0.7565    1.6591    1.4022    1.5083    0.3142    1.3931    1.2098    1.1453    1.1273    2.7502    0.2789    2.3639    1.5508    1.4855    2.7507    2.9531    2.8396    2.5170    2.4448    1.3480    1.7721    1.2417    3.1184    1.3051    2.6576    2.5138    2.5050    2.0757    0.9000    1.7792    0.8856    1.2093    0.8189
     20000       5.381181
     30000        38.3413       -27.9650        66.3063
     30000        10.3666        20.2980
     30000    2.2338    1.1431    2.8330    1.1860    2.6226    0.6504    0.0262    1.7351    0.6969    2.1910    1.5478    2.4776    2.3776    0.0616    2.8591    0.4395    2.9558    0.8852    2.1618    2.5200    0.9299    0.9345    0.4238    2.9566    0.6828    0.6696    0.3961    0.6422    2.5133    0.3249    2.8007    0.0018    3.0409    0.9540    2.3442    2.2547    3.0619    3.0802    0.8897    1.5885    2.1947    1.4660    0.9863    2.0950    2.0304    1.2362    1.6209    0.3885    0.8807    2.2993    1.3144    0.0317    0.5211    2.7832    0.4057    2.9289    0.6256    0.6747    1.8131    0.5891    2.5746    0.0022    0.9924    1.3093    1.5938    1.8796    0.4019    1.3768    1.1733    0.8730    0.4841    1.5376    0.6920    2.6790    0.4331    3.0687    2.6486    1.4134    2.1269    1.9732    0.8531    1.3208    0.0747    1.5121    2.6272    1.8371    1.3603    0.6105    2.2480    2.9150    1.5818    1.8564    2.6246    0.2116    1.1836    0.4454    0.7838
     30000       8.206889
     40000        31.7548       -31.5823        63.3371
     40000         6.7473        11.5110
     40000    1.0011    2.5422    1.6764    2.7980    1.7292    2.9932    3.0385    0.7316    3.0310    0.7432    2.3011    1.2163    1.6072    2.7470    2.9086    0.1757    2.7846    2.1417    1.0183    2.6908    1.9545    1.3091    1.9331    3.0226    1.9020    1.8686    1.4280    2.8150    0.2055    2.2922    0.9866    0.8172    2.5276    0.1829    1.5375    1.2367    0.9179    2.6447    1.2810    2.4678    0.0229    3.0224    0.0993    2.8328    0.5718    3.1010    0.5983    0.9030    0.2214    2.6796    0.4217    0.2645    1.0049    2.7688    1.5773    2.0073    1.9719    0.4101    1.9762    0.4022    2.3000    0.5573    1.3930    0.7541    2.4592    1.6298    0.5176    1.5500    0.1411    1.4677    2.8648    1.6348    2.7561    1.6341    0.3878    2.3756    1.3800    1.8757    0.0945    0.1697    0.8596    0.0172    1.5795    1.0910    1.2403    0.0731    0.3451    0.3560    1.0323    1.0992    2.4887    0.0460    1.0250    1.0588    0.8326    1.8251    0.2501
     40000      11.043173
     50000        30.4495       -33.5110        63.9604
     50000         7.7329        23.6369
     50000    1.5711    1.4888    2.3717    2.6405    1.7096    2.8510    3.0139    1.1574    2.9273    0.3319    2.2824    1.4133    2.5023    2.3365    2.6427    0.0891    2.9761    1.5123    1.2748    2.0308    2.2449    1.3884    1.6457    3.1055    1.9294    1.3919    1.7934    2.1031    0.9967    2.7825    1.2974    0.7158    2.2252    0.5243    0.8864    0.7285    0.0203    2.9249    0.2907    1.5942    0.1465    1.9280    0.0742    2.1046    0.7468    3.0937    0.5659    1.1314    0.4921    3.0598    0.5094    0.1741    0.9947    2.0394    1.6117    1.7241    2.9076    1.4164    1.5773    0.7926    1.6688    0.1092    1.5935    0.1963    0.7512    1.2054    0.8414    0.1590    2.9198    2.1285    2.3939    1.2130    2.6783    1.2633    0.5776    2.3695    0.9563    0.0803    1.3895    2.5411    1.2772    1.6371    1.7573    1.2709    0.9108    0.4329    1.6236    2.1006    0.0797    1.7915    2.1097    0.3315    1.1810    0.7387    1.5833    0.7265    1.2333
     50000      13.905654
     60000        39.6607       -29.4782        69.1389
     60000        11.2286        20.9265
     60000    2.2462    0.9436    2.4868    1.0643    3.0669    1.2228    3.0701    0.6015    1.0535    1.3653    0.5589    2.9582    1.4201    3.0856    2.5663    0.2423    3.0278    1.1915    1.8622    2.7426    1.0247    2.1483    1.1051    1.8809    0.3790    1.2768    0.6833    0.9372    2.6736    0.6481    2.0967    0.3263    2.2084    0.2301    2.6399    2.3577    2.2081    2.9882    2.6914    3.0710    2.8676    1.9293    1.6377    3.0100    1.1448    1.9614    1.0883    0.5173    0.9645    2.0135    1.7293    0.0567    0.7594    2.9656    0.0218    2.8159    0.4024    0.8339    1.2816    1.2596    2.3100    0.1084    0.8647    1.8009    1.5227    1.9069    0.5973    1.2640    1.0705    1.3136    1.5575    3.1413    1.6079    2.5497    2.8752    3.0465    0.3391    2.3755    2.1651    1.3067    1.4268    0.8616    2.4557    1.0068    2.1192    1.7812    2.5414    2.1736    0.6195    1.4751    0.2397    1.2125    0.4156    2.5945    1.2293    1.3310    0.4920
     60000      16.725152
     70000        41.0671       -36.7188        77.7859
     70000         7.8707        11.3950
     70000    2.1411    0.7201    3.0712    1.4638    1.5760    1.1558    1.2858    2.1311    2.1672    0.1136    2.2014    1.6839    2.4443    0.5319    1.8454    0.8431    2.5520    0.4972    2.0106    0.8626    1.2457    0.7944    2.5600    1.2137    0.4781    2.0370    1.6525    1.0384    1.4088    3.1104    0.8005    0.0907    2.0817    1.6419    0.6785    0.1827    1.4288    1.4448    1.9513    0.6306    1.5534    0.0183    0.7011    0.7324    0.4364    3.0873    1.2656    2.9356    1.0079    2.9888    1.3121    1.7332    2.5362    1.0605    0.5090    0.6086    1.6808    0.2560    0.5628    1.3917    0.2401    1.1179    0.7595    0.7766    0.8493    1.8183    2.7973    0.2946    2.6742    1.2267    2.9027    1.2138    1.7372    0.6149    2.3136    2.7516    2.2977    0.3304    1.2572    0.2643    1.1937    1.0571    0.6224    0.4337    0.6665    0.8287    1.5867    1.6522    1.6673    2.0902    3.0701    0.9250    1.6110    0.6292    2.4620    0.0730    2.9000
     70000      19.588101
     80000        33.2825       -36.4264        69.7089
     80000        11.5351        12.7715
     80000    2.2178    0.6600    2.8460    1.0298    1.9987    0.8940    1.5405    1.6677    1.0843    2.6152    1.8191    1.7538    2.1853    0.8494    2.2193    0.8170    2.4524    1.0665    2.9954    3.0818    0.6336    3.0837    0.5818    1.6866    0.4661    1.5126    2.6904    0.8859    2.3092    0.4880    2.0417    0.5847    3.0075    1.8502    1.5738    0.3662    1.7171    1.2808    2.7171    0.6943    0.8216    1.4549    2.0375    2.2569    0.2521    2.6595    0.8662    0.9607    1.3000    1.3044    1.8109    0.1512    1.6335    1.5047    0.7823    2.6653    0.2642    0.7290    0.5444    1.8456    0.5474    1.3895    0.9926    0.8085    1.2798    2.9047    1.6796    0.4750    1.3505    0.9700    1.5419    2.7949    1.8239    2.2614    2.8393    2.3423    1.8757    1.6424    1.8561    0.4474    1.9782    0.5621    2.4566    1.0216    2.1365    1.9364    1.5697    0.0759    0.4528    1.1987    3.1180    0.9669    1.2523    1.5087    1.6135    0.8761    1.4831
     80000      22.505063
     90000        33.0506       -38.7089        71.7595
     90000        10.3457        10.2895
     90000    2.2889    0.9020    2.7228    1.1760    2.2875    1.2853    1.5756    1.5933    1.6002    2.6168    1.7235    2.3715    1.9710    0.2821    1.7116    1.3062    1.4816    1.7656    2.6788    1.8018    0.6072    0.9071    1.0825    0.7912    0.2214    2.6965    1.1131    1.7148    2.5154    2.1461    1.2979    1.9381    1.7300    2.3101    0.0916    0.1531    1.9774    0.4879    2.6988    0.5619    1.1118    0.9914    2.1755    1.0512    0.7221    2.7514    2.7011    1.4778    2.7810    1.8584    2.4297    0.6383    0.9031    3.0656    1.3076    1.6839    0.7517    0.5399    1.1897    1.5535    0.6958    2.9131    2.0981    0.5844    1.0633    2.8530    1.6854    0.5395    1.3348    0.8388    1.0453    2.6573    1.6214    0.9640    2.5344    2.5934    3.1252    1.8005    2.2133    0.3573    2.5165    0.2636    2.4502    1.1739    1.5194    2.0776    1.0501    0.9897    2.0046    1.8158    2.9654    2.1743    2.0306    2.3117    3.0853    1.4891    3.1255
     90000      25.412292
    100000        39.3196       -33.1937        72.5132
    100000         7.9335         8.9906
    100000    2.1564    1.0518    3.0419    1.8593    2.4262    0.9175    1.6624    1.5040    3.1314    0.0035    2.7503    0.7746    2.3354    0.8051    2.0114    3.1342    0.0837    0.5104    0.3062    0.3321    1.5117    0.3256    2.0840    0.0998    0.3769    2.4822    1.1750    0.7022    0.9236    3.1127    0.2658    1.1777    1.0685    1.3976    0.5787    0.4738    0.8628    0.6835    2.8091    0.1945    2.0477    0.0577    1.2286    0.3892    2.0831    1.3329    1.8845    1.3127    1.9199    0.3036    1.9035    0.8731    3.1151    1.3405    0.6270    0.7066    1.6874    0.2077    1.2127    1.4823    0.1693    1.8410    2.4705    0.6830    1.1007    1.1692    2.7811    0.0162    1.8357    0.1613    1.4797    2.1570    1.2243    0.7503    2.1371    2.8929    2.8405    1.7353    1.8614    0.1832    2.3782    1.2644    1.5114    1.4793    2.0686    1.6373    1.9627    1.6030    1.4692    2.9603    2.7421    0.3565    2.1005    0.7657    3.1161    0.6129    2.6625
    100000      28.442903
