# Step Wall_Time_s
         1        19.8571        -2.4442        22.3012
         1        20.0881        68.9458
         1    2.0475    1.3895    1.8683    2.2394    0.3927    2.3720    1.7881    2.1094    1.4095    2.9076    2.0594    1.9942    2.1369    2.3052    2.4569    1.8289    3.1231    1.5032    2.9523    1.5672    2.4548    0.9482    3.0802    1.2833    2.2897    1.3282    2.5558    1.7620    1.9561    2.7848    0.7076    2.3282    1.8013    2.3534    0.9944    2.9488    1.9292    2.0741    1.6271    2.6809    2.2110    1.8782    2.5698    1.8614    2.6190    1.6891    2.8697
         1       0.001561
     10000        18.2863       -19.2376        37.5239
     10000         5.9895         7.0868
     10000    1.5111    1.5668    1.5357    1.1595    3.0531    0.3936    3.0419    0.6020    2.0861    0.7164    0.9059    2.3187    0.6314    2.6264    0.4501    0.3416    0.7087    2.8434    2.4239    1.6789    1.7652    0.7470    2.9121    0.1245    2.1659    1.0689    1.5699    1.8382    0.1647    0.9623    0.7662    1.7570    0.0490    0.4074    0.7925    1.8505    1.1127    0.6062    2.2912    1.0552    2.0728    0.4097    0.6422    0.5752    0.4683    0.0926    1.2213
     10000       0.803968
     20000        12.5836       -20.8183        33.4019
     20000         5.7113         7.3889
     20000    1.0924    0.9634    0.9704    0.5509    3.1028    2.0743    0.1662    0.6758    0.3247    2.0578    0.5142    2.8322    1.1364    0.6217    1.7289    2.5118    0.8769    1.7417    0.8939    2.9117    0.1952    2.2584    0.8688    1.1303    0.8300    2.4282    0.6334    2.6994    0.1604    3.0911    0.0969    2.6566    3.0469    2.6229    3.0167    2.1662    1.0466    0.0886    1.5079    0.3581    2.7464    1.2197    2.7498    1.3936    1.0215    2.1282    0.1299
     20000       1.746662
     30000        11.9973       -24.4792        36.4765
     30000         5.0958         1.2728
     30000    2.2703    0.8442    0.1755    0.0499    0.8711    2.7391    0.8485    0.6809    2.0978    1.6606    0.7459    1.1445    0.9585    2.1174    0.0042    2.3116    0.5772    0.1106    2.9401    2.8677    0.9088    0.5416    0.9167    0.8909    0.0855    3.0009    3.0403    1.0579    0.6659    1.6669    1.6418    0.9332    1.1600    2.7153    2.8910    2.4803    1.2081    0.7164    2.9910    1.2239    1.2907    1.2434    0.2886    0.5610    0.3244    2.5458    2.1794
     30000       2.703693
     40000         8.1591       -25.5561        33.7152
     40000         5.2282         3.8531
     40000    2.2972    1.1932    2.2111    0.9906    2.7223    3.1132    2.0561    0.4460    1.4727    2.4127    1.6562    2.0089    0.2387    1.9850    2.5784    1.8483    0.8386    0.1952    2.7181    2.4697    0.2750    0.0235    0.0351    1.3504    1.0721    2.4038    2.5726    0.0505    2.2605    1.4368    1.4252    0.7603    1.8755    1.6421    2.8420    1.9091    1.0068    0.3848    1.7172    1.5753    0.6442    1.5449    1.3065    2.5612    0.4422    3.1346    2.9819
     40000       3.633326
     50000        15.0760       -23.1676        38.2437
     50000         5.3353         6.1888
     50000    1.7746    1.0846    2.0053    1.4770    2.6783    2.7491    0.8203    0.2182    0.4715    1.8218    0.0155    1.8212    2.2519    0.2560    1.6063    1.0332    2.0239    0.5268    2.0985    1.8853    1.2525    0.6557    2.4748    0.1908    1.9502    0.6223    1.5909    2.9218    2.8083    2.1218    0.5765    1.7473    0.3260    1.3118    0.1275    2.9380    0.4750    1.1295    1.7324    0.9655    2.6206    0.2119    1.6160    0.6667    0.0451    0.9058    0.0030
     50000       4.576965
     60000         6.6252       -26.1815        32.8066
     60000         5.1816        11.6665
     60000    2.3807    1.6545    2.6199    0.0661    2.2344    2.7184    0.4789    1.9748    1.9099    1.6454    3.1307    0.5413    0.2858    0.7690    1.0026    2.0788    2.7725    0.0764    2.2325    2.9322    0.8986    0.9554    0.4184    1.9757    0.5332    2.4331    2.2104    0.4441    1.9750    1.3343    2.3818    0.4107    1.4936    2.7230    2.3380    2.4029    0.9813    1.2689    2.3083    1.3716    1.0199    0.8377    0.6768    0.3117    0.2585    2.3787    2.4163
     60000       5.521301
     70000        13.2768       -23.1030        36.3798
     70000         6.1164        11.8218
     70000    1.7937    2.7583    2.6549    2.4022    2.5914    0.8226    2.0297    0.4306    2.6310    0.0063    1.7862    1.7994    0.8048    1.6068    0.1499    0.4584    0.0384    2.1654    2.5347    1.9138    2.1724    1.8407    3.0522    2.7082    1.1232    1.8517    0.2544    0.8303    1.3173    1.0670    0.8188    1.8828    0.7067    1.0143    2.3138    1.3379    0.9857    2.1488    2.3182    0.4359    2.1919    1.8131    1.4158    1.4628    2.3126    2.6332    2.9432
     70000       6.470341
     80000        12.1941       -26.6080        38.8020
     80000         5.5759         1.9004
     80000    2.2594    0.9299    2.3492    1.7045    2.4198    2.6167    1.2253    0.6851    2.6655    1.7407    0.4980    1.6986    0.0195    1.9328    0.4581    1.0946    0.7734    1.4714    2.2204    2.8575    3.0752    0.0393    2.3718    1.0846    0.3264    2.4875    2.7378    1.0254    1.4957    2.3093    2.8967    3.0352    0.9026    0.7944    1.9904    2.5696    2.5722    0.2563    1.9670    0.9654    1.3245    0.8838    0.0846    0.0359    0.4858    1.8359    1.4887
     80000       7.425080
     90000        19.6498       -19.3440        38.9939
     90000         5.3731         9.4184
     90000    1.7096    1.0282    3.0276    0.0677    0.8000    0.2057    3.0557    0.6806    2.4382    0.9206    1.5472    0.2995    1.9559    1.3930    0.7925    2.9677    1.0853    0.1468    2.0755    2.9822    0.4470    0.4439    0.1080    1.6469    0.8328    2.7604    3.0504    0.7856    2.7796    1.9793    1.5203    0.7788    1.6573    1.7344    3.0893    2.6400    1.1141    1.1201    2.6430    1.7014    1.0081    1.7613    0.8667    1.6751    0.0894    2.5183    2.2541
     90000       8.374136
    100000        14.2763       -24.1884        38.4647
    100000         4.7570         7.4950
    100000    0.9427    1.5552    2.7470    1.9225    2.4357    1.7868    0.5453    2.9781    1.3003    2.6046    2.6968    0.1128    1.2728    0.2359    2.9305    1.1632    1.7405    1.3662    1.0296    3.0957    0.0776    1.7131    1.4777    2.9208    1.3573    1.5792    0.0118    1.6605    0.4449    2.8173    0.0843    2.7905    1.8608    2.5063    2.7582    0.8997    2.6555    1.0528    2.3410    1.4102    2.4849    2.1406    1.8662    2.3371    0.3877    1.2227    0.3034
    100000       9.309480
    110000        13.7049       -26.6931        40.3979
    110000         5.8450         8.0712
    110000    1.9932    0.9209    2.4959    1.4712    2.2414    3.0009    2.0178    2.1176    2.8447    0.2641    2.2283    0.1828    2.7926    1.3239    2.3430    2.3467    1.6041    2.4072    2.0930    2.3371    0.6194    2.3083    1.3176    2.5908    2.1083    0.7918    1.7411    1.6203    0.5330    3.0691    0.3184    2.3580    1.9033    0.6919    2.4196    2.9082    2.1834    2.6123    2.5920    1.3555    2.1968    2.5740    1.0374    1.4712    0.1561    2.0137    0.5797
    110000      10.264581
    120000        15.3153       -26.7100        42.0253
    120000         4.9008         7.8821
    120000    1.8927    0.8614    2.2842    1.4226    2.8095    2.4507    1.4646    1.0387    0.0212    1.1300    1.0043    2.2190    2.2543    2.2765    2.8343    2.5618    1.9167    1.7800    1.9248    2.8251    0.6217    0.6150    2.9340    0.4675    2.5011    0.5174    2.7086    2.3612    1.1800    3.0295    0.7491    2.6568    0.4751    1.0777    1.2260    3.0838    3.0886    0.9753    2.6472    0.9249    1.6325    1.4597    0.8068    0.3233    1.1672    2.3020    1.1896
    120000      11.219620
    130000        13.7868       -21.2968        35.0835
    130000         5.9997        12.1230
    130000    2.2944    2.2344    1.9626    1.9527    2.1866    2.6136    3.0643    2.9380    0.3335    2.7770    0.3175    2.7486    1.8743    1.7838    0.5811    1.8735    0.8634    1.1359    0.6604    2.2929    1.3861    0.6876    0.8797    0.4215    1.0490    1.2187    1.8578    0.7805    2.7728    1.5238    0.7014    0.3912    1.6895    0.4734    1.9756    2.3564    0.7896    2.9927    0.3433    1.2986    0.1680    3.1356    0.6666    2.4412    0.2099    3.0059    3.0060
    130000      12.168055
    140000        11.7122       -26.5294        38.2416
    140000         4.9458         1.7973
    140000    1.7633    1.8453    2.8522    2.2807    2.9914    2.9529    2.2069    0.0624    3.0771    1.3999    1.2894    2.2799    1.2889    0.2178    1.9092    0.4752    0.7208    0.6455    0.1412    2.2353    2.0859    0.7085    0.8126    2.5311    1.4277    1.3398    1.1907    1.4099    2.2591    1.0485    1.6398    2.8983    0.8980    1.4860    0.8003    2.7285    1.2588    1.4800    2.6346    0.7079    1.5110    0.0850    0.2060    0.4404    2.1231    2.3636    1.8499
    140000      13.107015
    150000        15.1580       -23.6898        38.8478
    150000         3.5167         7.8884
    150000    0.7443    2.4318    1.8517    1.2928    2.8911    0.9332    2.3753    1.2370    0.6065    2.6430    1.5676    0.6827    0.4910    0.7748    0.4084    1.7641    1.6380    0.3802    1.3689    2.9870    0.8651    2.2445    0.3696    3.0768    1.2330    1.2145    0.3851    1.5837    1.7747    1.1876    0.5093    2.5194    0.1589    2.1200    1.0762    2.2486    2.3127    0.8282    2.6237    1.0835    0.4611    1.7165    1.7788    2.5700    1.2828    0.2288    2.9576
    150000      14.050829
    160000        14.9165       -24.1394        39.0559
    160000         6.1940         9.9891
    160000    2.1282    0.9515    2.7992    0.8231    2.7329    3.0730    2.9057    0.4306    2.9007    0.0092    2.2180    1.3937    2.7340    0.0216    0.9779    1.5226    0.3500    2.7968    2.4602    2.6401    1.1773    2.6580    0.4829    1.5265    2.9195    0.0913    0.5602    1.4312    0.9352    2.9477    0.3801    1.7292    1.6601    0.5883    2.7626    0.0328    0.7347    2.1511    2.5791    1.0320    2.0512    2.3573    0.4043    2.4316    0.0733    2.4162    0.2307
    160000      14.983703
    170000         9.8788       -29.6131        39.4919
    170000         6.0218        10.0873
    170000    2.1504    1.0823    2.6810    0.8580    2.7276    3.0741    2.9490    0.7881    2.7804    0.7454    2.5027    1.6739    2.5452    0.2443    1.3114    1.0876    0.0179    2.7667    2.5606    2.8148    1.3523    2.8957    0.6924    1.3403    2.9150    0.0673    0.3695    1.4154    0.9859    3.0231    0.1886    1.4995    1.6312    0.7131    2.6045    0.0200    0.2818    0.8966    0.2793    1.3405    1.8430    2.4202    0.2446    2.6257    0.2056    2.7738    0.8161
    170000      15.925220
    180000        11.7791       -28.0238        39.8029
    180000         4.1804         5.7543
    180000    1.8677    2.9115    2.4223    3.1196    0.3373    0.2778    2.9940    1.6983    0.2062    1.5077    0.1645    0.9828    1.0859    1.0052    2.2452    0.7359    2.9840    0.5585    2.2203    0.8775    1.5307    1.1641    2.0816    0.3004    1.4928    0.3280    0.8005    2.3347    3.0767    0.5998    0.6534    0.8464    0.5464    0.1326    1.2043    1.4439    0.0748    2.4114    1.5248    0.3838    0.8899    3.0110    0.8673    3.0701    2.4152    1.6514    2.7325
    180000      16.874920
    190000        10.1554       -25.1543        35.3097
    190000         5.4281         6.9680
    190000    1.9897    0.6778    3.0067    0.5736    2.8575    0.5450    1.6170    2.0960    2.4349    2.0162    1.7429    1.7230    1.4275    1.4763    1.9042    2.9830    1.5707    2.1762    2.4272    2.4332    0.5082    1.9917    0.6486    0.6005    2.1480    1.1517    1.8285    1.8233    0.2586    2.5531    0.0375    3.0667    2.1018    3.1189    1.9377    2.2971    0.8401    1.0714    2.8235    1.2199    2.4933    2.1685    1.1038    1.2089    0.2568    1.7457    0.6403
    190000      17.802998
    200000        11.0298       -23.2783        34.3081
    200000         5.8156        14.0726
    200000    0.6796    2.9568    2.2726    1.4523    3.1107    0.6706    2.6477    2.6167    2.9942    0.6288    2.2416    1.1114    1.6386    1.2462    1.3501    1.4898    1.1994    2.1262    0.0771    2.9080    1.1237    3.0242    1.2330    1.8599    0.3085    1.7956    0.4833    0.6760    1.2408    2.0091    1.6348    0.9070    0.8967    2.8988    2.7726    1.2448    2.2782    2.1503    1.7208    1.0192    0.2751    0.0784    2.1517    2.2452    1.0196    0.4938    2.5348
    200000      18.724541
    210000        14.8977       -24.0732        38.9709
    210000         4.7717         4.9624
    210000    2.1112    1.7079    1.7728    1.1817    1.1658    1.9927    2.9125    0.7970    1.4390    2.4575    1.8272    0.4825    1.3998    1.4776    1.9650    2.5432    2.3480    0.5310    0.1588    2.7360    0.7618    0.5177    1.1244    0.0652    1.8231    1.6653    0.9694    0.5286    2.4498    1.7486    1.0634    0.7723    1.6111    0.5903    2.4212    2.9822    1.4023    0.7837    1.2089    1.7402    0.2922    2.4672    1.1391    2.8788    0.4795    3.1278    2.4983
    210000      19.659883
    220000         9.3375       -27.7472        37.0846
    220000         5.0341         9.7428
    220000    2.2040    0.5393    2.2711    0.6313    2.6975    2.0555    3.1125    0.6892    1.9366    1.1959    2.2920    0.4341    1.4646    1.7311    2.8181    3.1315    1.8607    2.6572    1.9260    3.0948    0.1762    0.4022    0.3173    0.3671    0.7967    2.8822    2.4585    0.3086    2.9184    1.5785    1.8956    0.7412    1.9433    1.2681    2.6442    1.9320    1.1457    1.8093    0.9822    2.3492    0.1018    1.9467    1.5495    3.1155    0.7086    3.1024    2.7549
    220000      20.587265
    230000         8.2361       -27.8383        36.0744
    230000         3.9689         9.2352
    230000    2.2935    1.5498    2.3456    2.3793    1.4104    0.5186    2.9083    0.8721    0.3410    0.6258    0.4855    0.4690    0.7395    1.4644    2.9469    3.1030    2.3346    0.1112    1.8388    2.7210    0.1822    0.1380    0.2446    0.6181    0.7137    2.6970    1.5572    0.0599    2.7730    1.0324    1.8814    0.3836    2.2003    1.4375    1.9451    1.8701    0.0434    3.0460    0.2460    2.1002    0.4482    1.8457    1.1027    2.5347    0.3140    2.7372    2.6684
    230000      21.519317
    240000        10.1354       -28.6991        38.8345
    240000         6.1132        10.1201
    240000    1.1747    2.1060    1.0848    2.0308    2.2897    1.1516    1.7989    1.7915    3.0553    0.5450    2.3143    1.1964    2.7267    1.4223    1.0568    0.8207    0.0168    2.5839    0.1225    2.8983    1.2035    2.5168    2.1065    2.5222    0.0190    1.3929    0.2402    1.5637    0.6629    2.0051    0.4473    2.8676    1.6077    2.1759    2.6160    1.1958    1.0814    2.0858    2.5434    0.2836    1.3754    0.9271    1.1391    1.4708    2.4801    2.0101    2.4470
    240000      22.458879
    250000        10.3299       -27.0948        37.4247
    250000         5.6341         9.0735
    250000    1.8645    0.8732    3.0607    0.5570    2.9136    2.4426    1.1273    2.6082    3.1352    0.2033    2.4018    0.5906    2.1012    0.7671    1.5955    0.8265    0.5137    2.5412    0.2495    3.0708    0.8218    3.0993    0.4973    1.8987    1.1665    1.3541    0.0281    1.4949    0.2065    2.1946    0.0508    2.7742    1.6920    2.3085    3.0025    0.8703    1.2383    0.4569    1.4861    1.8437    2.1924    1.6260    0.7024    0.3453    1.3554    2.2164    0.2469
    250000      23.398126
    260000        21.1270       -14.1739        35.3009
    260000         5.6743         9.1309
    260000    2.2092    0.9970    2.4710    1.8805    1.6824    2.7866    3.0909    2.6970    2.9838    0.4300    1.4574    0.4175    2.0774    0.6374    3.1410    2.6829    3.0793    0.1273    1.7428    1.8177    1.7873    1.6930    0.9600    1.0808    1.1923    0.4866    1.5185    0.2366    1.6536    0.1546    0.8042    0.3917    1.8565    0.2153    2.8816    1.7919    1.4025    1.2536    1.5695    0.9387    0.9446    1.9491    0.3861    2.1646    0.9424    0.3187    0.2248
    260000      24.316041
    270000        18.3075       -17.0234        35.3309
    270000         5.5163        12.0597
    270000    1.8378    1.0265    2.9724    0.8765    2.9904    0.5409    2.9253    3.1161    2.6299    0.8774    1.3664    1.2481    2.1643    1.0642    1.0731    1.7362    1.4966    0.8584    1.3762    2.8486    1.4401    3.1321    1.3839    2.8124    0.5004    0.9020    0.0523    1.0624    0.5751    1.3623    0.4647    0.7618    1.7826    2.3057    1.5184    1.6806    1.8409    1.0852    3.1066    0.1993    2.1318    0.0454    0.6463    1.7439    3.0227    1.6469    2.7263
    270000      25.185130
    280000        19.2829       -15.3696        34.6524
    280000         5.3951        10.8406
    280000    2.4032    3.0033    2.4700    2.2599    1.7320    1.8848    3.0995    2.2241    1.1122    0.0678    2.9222    1.3988    0.9918    0.7328    2.4447    0.5816    2.7304    2.8814    2.7360    2.3061    1.0831    2.5163    0.5524    1.9183    2.8497    1.1619    0.5598    0.6244    2.7561    0.0953    1.0341    0.3778    2.1152    1.4707    2.3482    1.1010    2.4420    2.2033    2.5675    0.5752    1.7394    1.7122    2.8060    2.0049    2.7876    0.1701    0.6713
    280000      26.021420
    290000        28.3294       -12.0264        40.3558
    290000         5.9546         8.2586
    290000    2.1882    1.5332    2.2935    2.8890    1.9037    2.7266    1.0720    0.4614    2.5864    0.0076    2.6968    0.8213    2.9578    1.4520    2.3463    1.6142    3.0631    0.2075    2.1456    1.0642    1.7077    2.7043    0.0218    1.3586    1.6814    0.2455    1.1604    2.7649    0.6208    2.1979    0.8891    2.6900    1.7048    3.0948    2.3134    2.7394    1.6258    2.2037    2.1694    1.0126    2.8311    1.0457    0.3545    0.2251    2.8637    0.0787    1.1748
    290000      26.811743
    300000        26.9962       -23.7439        50.7401
    300000         5.0678         9.6709
    300000    2.1912    0.6129    2.0941    1.0275    2.1666    2.9451    2.9995    1.9239    2.7425    1.2521    2.3960    0.4355    2.4504    3.0164    3.1186    1.0203    3.0014    2.8400    2.9126    2.9393    2.1989    2.7235    1.3773    1.9451    2.1823    1.6108    2.7576    1.1800    1.6634    0.9178    2.9562    0.1971    2.3675    3.0259    2.7035    1.1493    2.3396    2.9027    0.9391    0.0201    1.7874    1.5691    2.8857    3.0626    2.9858    2.8777    1.6107
    300000      27.667986
    310000        22.2482       -16.4146        38.6628
    310000         7.2330        16.7206
    310000    2.2351    1.8797    2.3236    3.1124    0.9563    3.0454    2.9687    2.5719    3.1214    0.8109    2.6935    1.3680    3.1346    2.7944    2.1452    0.9651    0.5562    1.2724    1.3662    2.9586    1.2621    2.6621    2.1938    3.0019    2.4245    0.8873    0.4528    2.3576    2.7535    0.2991    1.3499    2.1819    0.9400    1.6152    2.2292    0.7868    2.5040    1.4288    2.7423    2.5460    1.4967    3.0162    1.5781    2.2038    2.4293    1.8197    2.0996
    310000      28.494349
    320000        11.8455       -21.9704        33.8159
    320000         4.2141         2.0310
    320000    2.2994    1.3918    2.5096    3.0781    2.6393    1.7230    1.9385    0.2850    2.9344    0.2887    2.6882    0.6997    2.3543    1.2577    2.2582    0.6796    3.1014    0.0191    2.4605    1.7392    1.8173    2.9563    3.1187    2.9492    0.9226    0.8628    2.1929    0.7074    2.5701    0.3509    3.0228    1.5341    2.9386    0.8870    2.7106    0.6206    0.9210    0.6040    2.5717    2.7629    0.7781    1.5833    1.3881    1.5545    2.3207    1.2640    2.5084
    320000      29.370725
    330000        12.9743       -24.4996        37.4739
    330000         4.3503         1.5815
    330000    2.3631    2.4721    1.4835    1.0309    2.6990    0.6668    2.0457    2.2264    0.8100    2.8463    2.2188    0.5876    2.8549    2.5670    2.1288    1.1863    2.9418    1.4572    0.6317    2.5024    0.3452    2.7605    1.2694    1.9174    2.2794    0.5919    2.5597    1.4788    0.4957    1.3155    1.4913    2.6042    1.8756    2.2498    2.0072    0.4411    2.4921    0.1302    0.7870    0.1222    1.0362    0.2355    1.8723    1.9679    2.3032    0.4008    2.0106
    330000      30.252154
    340000        10.5731       -23.3241        33.8971
    340000         3.3125         9.3904
    340000    2.4156    2.1405    2.5468    2.7213    2.9455    1.7869    1.6624    1.0152    1.5256    0.1786    2.7619    0.7677    2.2589    1.9005    0.8610    0.5488    2.9013    0.6400    2.7358    1.6429    1.7704    3.1336    1.7352    2.7929    0.7297    0.2159    2.6227    1.4541    2.2427    0.8575    2.7604    0.5541    2.9216    0.4435    3.0999    0.6813    1.2500    0.3898    0.8768    2.6992    0.1406    2.3112    0.6349    0.4837    1.5335    1.9600    0.5490
    340000      31.135846
    350000        14.0663       -24.6311        38.6974
    350000         5.9340         9.1703
    350000    2.1498    0.6258    2.9022    0.9310    2.5896    2.6639    2.9447    2.8518    1.8619    0.4445    2.9816    0.7488    2.1742    1.6266    3.0054    1.6727    2.8151    2.8291    2.7887    1.9647    2.9086    2.9189    0.0074    0.1366    2.8312    0.9801    1.5996    2.9296    0.9391    0.5986    2.8619    1.6692    2.8914    1.2043    0.7741    2.2470    2.8472    2.8884    1.6168    1.6957    2.5433    1.7752    2.8152    1.3927    1.3490    0.7461    1.4473
    350000      32.013852
    360000        16.1555       -19.9902        36.1457
    360000         7.3604        19.4475
    360000    1.5174    2.9315    2.6706    3.1282    0.7147    1.7411    2.2018    1.7864    0.9458    0.6870    2.0842    0.5184    2.4534    1.7792    0.8122    0.1347    2.0309    1.2374    2.9443    3.0305    2.4683    1.3028    1.8319    1.7111    2.9696    0.5158    0.3120    1.4179    3.0257    0.4628    1.1760    2.2613    0.9646    1.0333    2.6120    0.5783    1.1906    1.7924    0.6240    2.6808    1.9614    0.8279    2.9684    1.3255    3.0585    1.1624    3.0058
    360000      32.896165
    370000        24.5928       -19.4534        44.0462
    370000         5.7134        13.9761
    370000    2.3843    2.6805    1.5316    2.1264    1.5376    2.4680    2.7079    2.7298    1.5439    0.9152    2.1546    1.4071    1.3145    1.0711    1.1803    1.0460    2.1816    2.7862    2.9735    1.9384    2.7596    1.9983    0.3768    0.9407    2.6401    0.4978    1.0612    1.1417    2.6220    2.9815    2.9246    2.2767    1.9394    2.3255    0.2625    0.7706    2.4352    2.6192    0.1096    2.7530    1.2591    0.6289    2.2541    1.8638    0.9839    2.5412    1.1462
    370000      33.773984
    380000        19.7773       -17.5038        37.2811
    380000         4.3825         2.9966
    380000    2.3624    3.1411    3.0561    2.8090    3.1020    0.2031    2.9772    1.6163    0.5713    1.4144    1.4226    0.6071    0.5367    1.8334    2.3426    1.1848    2.6957    2.7301    2.0239    1.0921    0.6396    1.0794    1.3371    0.2591    2.0617    2.5073    3.0743    0.5526    1.5215    1.5299    2.0223    3.1332    1.0718    0.7208    3.0309    2.7279    1.1944    1.2809    1.9477    3.0138    2.6374    0.2207    1.7696    0.8753    3.0299    1.1813    2.9996
    380000      34.615640
    390000        21.3891       -19.3896        40.7788
    390000         5.5586         3.7482
    390000    2.1618    2.1495    2.5713    2.2778    3.0078    0.1573    2.0075    2.1395    0.0643    1.8773    0.5912    0.1403    1.8307    0.6476    2.5063    0.4735    3.0764    2.7471    2.5358    2.9537    0.9446    1.1480    2.7754    0.8653    2.3317    2.7211    2.7040    1.4685    0.9013    1.4812    1.3137    2.3046    3.0257    1.0592    2.7136    2.9941    3.1247    2.5926    1.2664    1.9731    1.1706    1.2854    0.9783    1.3734    2.3435    2.4095    2.6367
    390000      35.456885
    400000        12.2137       -23.8910        36.1047
    400000         3.9319         4.5567
    400000    1.3941    1.4989    2.1983    2.9600    2.9688    0.2934    1.1776    2.5642    0.0047    2.1614    2.3235    0.0065    2.7577    2.5682    1.5791    2.9885    3.0226    2.7448    2.8140    2.8061    2.1464    2.2402    1.3608    2.1915    2.5563    0.7445    2.9556    0.3868    0.0372    0.4525    1.4696    0.5111    1.7823    2.3946    1.8226    1.8255    2.4582    2.4501    1.8540    2.2735    2.0399    0.1303    2.7244    2.7456    2.9615    0.3874    1.0065
    400000      36.357768
    410000        12.4505       -25.6578        38.1083
    410000         3.9830         8.9054
    410000    2.0826    0.6290    2.8993    0.4484    3.1002    0.5772    3.0121    0.3497    1.2631    0.2356    2.8326    1.9454    1.5428    1.4116    2.3601    2.0514    2.5049    2.9083    1.8153    2.9739    0.8049    2.1655    0.2501    0.3585    1.3841    0.6006    1.5758    0.3484    0.7762    0.7395    2.7602    2.7334    0.5990    0.5007    1.0623    2.2281    0.4905    1.7390    0.4583    2.2707    2.5685    1.4560    1.7267    0.3540    2.6043    2.7884    2.8307
    410000      37.296891
    420000        10.8908       -29.7221        40.6128
    420000         5.4279         6.5711
    420000    1.4740    2.8744    1.0414    1.2556    2.5086    1.8904    2.4757    0.1552    2.0016    0.7147    1.4005    0.4954    2.7264    0.1755    1.1977    0.2883    3.0638    1.9742    2.1699    2.5479    2.0151    3.0131    0.7489    0.9019    2.6236    2.0898    2.4088    2.0088    0.5712    2.9272    2.6119    2.5927    2.8091    1.2499    2.9782    2.0311    3.0240    2.0694    1.2482    2.5917    0.0041    2.8002    2.9863    2.6938    2.2723    0.8711    2.7549
    420000      38.235257
    430000        11.2748       -28.0518        39.3266
    430000         4.3400         7.7344
    430000    2.0536    0.6301    2.9661    0.5773    3.1326    0.3034    2.9668    0.3627    1.0597    0.1006    2.4154    1.7559    1.6759    1.5942    1.7618    2.4052    2.5846    1.7394    2.7175    2.4917    1.0773    1.6860    0.6682    0.0392    1.2166    1.1777    1.3249    2.9338    2.5864    0.5829    2.9483    0.3899    0.8670    2.9074    1.4997    2.4895    1.3335    2.5495    1.7610    1.9954    1.4461    1.4928    1.0410    0.1956    2.7892    2.3490    2.9093
    430000      39.185136
    440000        14.8700       -26.4383        41.3083
    440000         5.7289         3.7272
    440000    1.2815    1.3469    1.4083    1.7816    2.8334    0.2864    1.7122    0.7144    0.8417    0.5101    2.9815    0.9139    2.3886    2.5366    1.4505    2.3241    2.3537    0.5558    0.7484    3.0405    1.6914    1.8925    1.4464    1.6038    2.0997    1.0000    0.8786    2.6872    0.7239    1.7224    1.7920    2.2392    1.7620    1.4450    1.6068    2.2940    0.7071    2.9130    1.5221    1.9930    1.3343    1.0879    0.5733    0.2775    2.8081    1.3993    1.7626
    440000      40.135412
    450000        11.7500       -27.2792        39.0292
    450000         4.2896         9.6837
    450000    2.0616    0.7082    2.7847    0.1389    3.0819    0.4957    3.0572    0.4394    1.4018    0.3147    3.0930    2.0407    1.7288    0.9087    2.1215    2.1310    2.6151    3.1223    1.0368    2.4259    1.0116    2.3348    0.1401    0.5236    1.5662    0.3825    1.4869    0.1048    0.4768    0.6218    3.0959    2.9328    0.1013    0.0346    0.1812    2.1721    2.0471    0.5976    1.9267    0.5951    0.7732    0.0582    2.8767    0.3343    2.1941    1.7013    2.9522
    450000      41.088085
    460000        14.7766       -23.8282        38.6049
    460000         4.5418        12.2698
    460000    2.0861    0.7770    2.9952    0.8970    2.9291    1.8866    3.0296    2.4853    2.1484    0.4572    2.6384    1.3040    1.7065    0.8872    1.4860    2.2809    2.1785    2.3443    1.9605    2.3157    1.5746    2.7614    0.1644    0.7576    2.0779    0.8565    2.0083    0.4319    0.0395    1.0292    2.2795    2.4050    2.8128    2.2721    0.7947    2.9189    2.7413    0.3084    1.6730    2.9067    2.2958    0.3412    3.1254    1.7352    2.4106    1.6684    2.8875
    460000      42.026001
    470000        12.2520       -30.1083        42.3603
    470000         4.6502         9.2708
    470000    2.1918    0.7120    2.8433    0.4737    3.0623    0.4294    3.0036    0.1771    1.6721    0.7624    1.8542    1.8320    2.5964    0.2232    2.4964    2.3413    2.7317    2.5507    2.2756    2.2329    0.2828    2.2723    1.2028    0.2807    0.4044    0.1009    1.0461    0.7932    1.2138    0.3028    2.8388    2.6662    1.2518    1.1185    1.4168    2.7761    1.1416    1.9577    0.3579    2.8159    2.0512    1.8767    1.3262    0.5413    2.6672    0.3546    0.9800
    470000      42.975421
    480000         9.6596       -31.9306        41.5902
    480000         5.1235         9.1698
    480000    2.2503    1.8924    2.6880    1.1884    3.1104    0.2029    2.8216    0.0806    1.1140    0.9522    1.1508    0.7929    2.6558    1.1602    2.4590    2.4953    2.9267    2.7152    2.6429    2.2708    0.7283    1.4666    2.4360    0.1272    1.4133    0.0972    2.0831    0.0254    3.0769    0.2335    2.5822    3.0437    2.8415    1.0217    2.1229    2.6924    2.4041    2.3323    0.6063    2.9057    2.1257    2.1659    1.5431    1.6790    2.6033    0.8543    2.4529
    480000      43.942713
    490000        15.8205       -29.7951        45.6156
    490000         4.8109         8.7055
    490000    2.1588    0.9952    2.8145    0.9545    3.0388    0.4520    2.9887    0.2915    1.2245    0.0415    2.4616    1.9117    1.9301    1.4863    1.6833    2.7793    2.3793    1.8714    2.9347    2.6107    1.6003    2.1442    1.9515    0.5980    1.6316    0.3901    0.2113    2.4465    3.0171    0.3038    3.0370    3.1294    3.1020    2.0360    0.1143    2.9187    0.9906    2.6534    0.1242    2.3051    1.9916    2.7793    0.6658    0.6310    2.7894    1.2233    2.6216
    490000      44.903009
    500000        14.1170       -28.2652        42.3822
    500000         4.6766         5.5825
    500000    2.1033    0.6686    2.7531    0.2004    3.0638    0.2439    3.0840    0.4656    0.9730    0.1133    2.6764    1.6640    2.1357    2.0140    1.2665    2.8561    2.3976    0.8395    2.1493    2.8944    1.4016    1.5338    1.8942    0.7018    1.1496    0.6908    0.9259    1.5440    2.5910    0.0563    2.7465    0.3435    0.0612    2.5041    1.4814    2.6259    1.2061    2.5910    2.0554    2.8794    1.0595    1.7538    0.2704    0.2084    3.1390    2.8339    0.1314
    500000      45.859168
    510000        10.2568       -31.5607        41.8175
    510000         4.4284         6.8881
    510000    2.0477    0.8082    2.8513    0.5808    2.8314    0.3279    3.0604    0.4165    1.1442    0.2597    2.8539    1.2968    2.2675    2.2128    1.2248    3.0564    2.3130    1.0581    2.4024    3.0841    1.4981    1.3910    1.6343    0.8512    0.3762    0.9028    0.7918    1.5648    1.9949    0.1216    2.3386    0.6906    0.2720    2.4585    1.7849    2.6699    1.2315    2.6934    1.2692    1.9290    1.7008    2.9599    1.0739    0.0261    3.0178    2.1792    2.1611
    510000      46.817227
    520000        13.6921       -29.8877        43.5798
    520000         4.7891         7.3394
    520000    2.1291    0.6768    2.6828    0.0848    2.9406    0.0132    2.9800    0.2450    0.9586    0.7787    2.5038    1.9283    0.3585    2.8103    2.3950    2.9678    2.5855    1.9882    3.1125    2.7154    1.0615    1.3511    2.0352    0.3903    1.2250    0.3530    0.9345    3.0927    3.0197    0.2139    2.8732    2.2377    2.6986    2.7142    1.3927    3.0762    0.4988    2.6811    0.0507    2.4645    1.5482    2.4064    0.6980    0.4026    2.5869    1.6587    0.8788
    520000      47.774532
    530000        10.4979       -31.2607        41.7586
    530000         4.6962         7.3374
    530000    1.5822    1.3636    2.8787    2.8447    2.7746    0.1536    0.4264    2.6980    0.0702    1.7867    1.5730    0.8069    1.7458    0.6027    1.8968    0.5495    2.1722    1.0872    2.5241    2.6817    2.4287    3.0533    1.9723    2.3269    2.9396    2.3859    1.9553    1.9179    0.9082    0.6825    0.4439    1.1098    2.1409    1.9156    1.8247    1.8551    2.2292    2.0661    2.5665    2.7445    2.2290    0.0790    1.2022    1.5951    3.0353    2.2463    2.3023
    530000      48.740027
    540000        10.4836       -32.3752        42.8588
    540000         5.0213         6.8455
    540000    1.2831    1.7947    2.5845    2.6226    2.8985    0.9750    0.2256    2.6455    0.2835    1.7565    0.9277    0.7566    0.4971    0.3405    2.0934    0.4248    2.6801    1.6703    2.5046    2.2659    3.0840    2.9383    2.4395    2.6031    2.2028    2.6494    2.1545    2.2671    1.4463    0.4035    0.4406    2.7133    2.4830    1.5623    1.4123    1.8360    2.2762    1.9234    2.8608    3.0759    2.5098    0.0195    1.8620    2.1632    2.8187    2.4351    2.3286
    540000      49.700830
    550000        13.3826       -28.9294        42.3120
    550000         5.1184         3.9113
    550000    1.7289    1.2241    2.5593    2.8866    2.5480    0.3182    0.0486    3.0422    0.4951    1.9874    1.9465    0.5813    2.0437    0.2161    2.1941    0.2769    1.9804    1.1335    2.7027    2.8399    2.5098    2.7020    2.8015    2.9117    2.3677    2.6242    1.8453    2.1935    1.2651    2.1049    0.3643    2.9389    1.6655    1.5773    1.2862    2.1393    1.7835    2.2058    2.4518    2.5341    1.9168    0.9626    0.0056    0.9861    2.9123    2.7864    2.5024
    550000      50.646767
    560000        14.2286       -30.7602        44.9887
    560000         5.1057        14.6243
    560000    1.0627    2.2274    2.0357    2.4173    3.1278    0.6648    1.9109    2.6160    0.4414    2.4290    0.5958    0.1749    2.4264    2.2235    2.5673    2.7268    2.8735    2.8192    2.7048    2.9915    2.0640    1.6181    1.2893    1.4636    3.0194    1.7932    2.9984    0.5417    3.0812    0.1384    1.6706    2.3367    2.6683    1.3043    3.0493    0.3989    2.8332    2.9330    0.4558    1.3252    2.5154    0.1318    2.8438    2.6648    2.7088    0.5726    2.4246
    560000      51.597847
    570000        10.2518       -31.3767        41.6284
    570000         4.7287         9.8853
    570000    1.0626    2.0485    2.5521    3.0850    2.9785    0.3279    0.8159    2.6747    0.0762    1.9744    0.8109    0.4671    0.6736    1.6739    2.5883    0.7663    3.0134    2.1890    2.7912    2.5361    2.7117    2.6643    1.7560    3.0787    2.3042    2.8409    2.6233    1.4828    1.5211    0.1415    0.4010    1.9073    2.2700    1.7399    1.9336    1.6801    2.4605    1.9912    1.9811    2.0389    2.4852    0.3286    2.4579    2.3647    2.4259    0.5070    0.5704
    570000      52.550136
    580000        16.1802       -30.1731        46.3533
    580000         4.3402         8.0370
    580000    2.0903    0.5186    2.8919    0.4519    3.1097    0.4227    3.0698    0.1102    0.9143    0.0372    2.8029    1.7996    1.7792    1.7697    1.8605    2.6232    2.5202    1.1357    2.2238    2.2864    1.5056    1.9073    0.8754    0.2009    0.0969    0.4544    0.2096    1.7940    2.6085    0.4377    2.8070    2.5640    2.1570    2.5221    0.8737    2.8708    0.1474    2.3481    0.3052    1.9351    2.3596    1.4034    1.3280    0.1823    2.6629    2.7586    1.5897
    580000      53.499444
    590000        11.6016       -30.3686        41.9702
    590000         4.1295         7.4895
    590000    1.8958    0.8056    2.9844    1.6802    2.5670    0.2039    1.1250    1.7100    1.2212    2.0944    2.6245    0.1054    3.0940    2.8024    1.1349    3.0067    0.4899    0.4779    2.4506    2.9498    2.4482    2.7961    1.8635    1.9483    3.0246    2.6534    1.3883    1.5237    0.7442    0.1592    1.5155    0.2782    1.1995    1.8240    1.7239    2.2486    1.8408    2.6285    1.5755    1.9222    2.8614    0.6365    0.8080    1.5881    2.7983    2.2894    1.5890
    590000      54.445444
    600000        15.3784       -27.2044        42.5828
    600000         4.9430         5.9276
    600000    2.1124    0.7600    2.8706    0.5321    3.0900    0.1889    3.0062    0.1410    1.2434    0.0282    2.8542    2.4989    1.6586    1.5318    2.2463    2.1332    2.7645    2.7821    2.5544    2.8243    1.0130    1.7246    0.6959    0.1181    0.0485    0.0231    0.1135    1.7544    2.7675    0.4413    3.1208    2.9701    1.9467    1.3201    2.2040    2.9774    0.7884    1.6243    0.2942    2.9091    2.0440    2.2126    0.5322    0.5482    2.4362    2.2831    0.6183
    600000      55.385780
    610000        12.7916       -25.5679        38.3596
    610000         4.8647         7.0983
    610000    2.1704    0.7581    2.9306    0.7290    3.0907    0.5587    3.0873    0.1864    1.3626    0.3055    3.1402    2.7236    1.8694    1.0033    2.5326    1.8150    2.8294    3.0909    1.8479    2.9484    0.6854    2.0401    0.5180    0.5127    0.9247    0.1304    1.0205    0.2221    0.3872    0.7508    3.0604    3.1341    0.2704    1.8307    0.9437    1.5121    2.8471    1.2868    1.9674    3.0635    2.9646    0.5894    1.0698    1.9306    2.8395    2.8125    0.5481
    610000      56.326876
    620000        12.7989       -27.2990        40.0979
    620000         4.1217         8.4750
    620000    2.0888    0.6250    2.9150    0.4604    3.0962    0.4044    3.0159    0.2775    1.2620    0.4351    3.1154    2.7979    1.2877    1.8737    2.5139    2.2732    2.6089    2.7689    1.5670    2.3204    1.1149    2.0088    0.6495    0.2214    1.5682    0.9434    0.9851    0.2381    0.5321    0.6347    2.9069    0.8231    1.6852    1.5688    2.5442    1.8548    2.7569    1.0201    0.0927    2.9407    2.6769    0.4242    2.1896    0.2570    2.6258    2.3926    2.0653
    620000      57.272015
    630000        12.3647       -25.6569        38.0216
    630000         4.5187         8.9590
    630000    2.1253    0.8147    2.8628    0.3766    3.1402    0.3715    2.8478    0.2789    1.5247    0.3200    2.5362    1.5357    1.6878    1.4843    2.0901    1.9287    2.6198    2.9596    1.1460    2.1277    1.4424    2.1203    0.0335    0.4606    1.5750    0.0739    1.1797    0.5644    0.0998    0.7447    2.9073    3.0631    0.2483    1.3462    1.3868    2.7932    1.8253    1.4058    2.0228    2.9506    2.4906    0.2949    1.5551    1.2406    2.9683    1.1613    2.1540
    630000      58.210273
    640000        15.1718       -27.4834        42.6552
    640000         5.6161         5.8052
    640000    1.7161    1.7216    0.6899    1.9838    2.6290    0.3128    2.8283    0.9187    2.6051    1.5128    1.5770    1.6699    3.0577    0.5695    2.7930    1.3273    3.1146    2.7851    2.6254    0.6086    0.0170    2.2972    1.8557    3.0457    2.1164    1.6448    1.9850    2.5102    1.1284    1.8192    2.0781    2.7684    2.5950    0.2232    2.2670    2.1235    2.7331    0.0751    2.9681    3.0416    2.5507    0.3088    0.8853    2.6291    2.2642    0.1250    0.8215
    640000      59.138496
    650000         9.3174       -31.5666        40.8839
    650000         6.3018        14.2269
    650000    2.0920    2.3799    2.4103    2.2434    2.9391    0.0522    2.8019    0.6157    0.8511    0.6129    1.9730    1.0959    2.6226    2.1947    1.8028    2.8807    3.1283    2.6488    2.2353    3.0304    1.1151    1.9119    1.9885    1.2402    2.6050    0.5068    0.5571    2.7672    0.6523    1.9578    2.7601    2.5218    3.1114    1.0413    2.9187    3.0213    2.6814    3.0548    1.3693    0.6840    2.2817    0.9733    1.5174    1.7154    2.6442    1.5915    2.9864
    650000      60.071999
    660000         6.5756       -30.3169        36.8924
    660000         6.2953        14.8641
    660000    2.1449    2.5560    2.2646    2.5453    2.9567    0.5139    3.0849    0.3542    1.0984    0.7141    2.0281    0.6813    2.5662    1.4208    1.2753    1.5798    3.1205    1.8522    2.0174    2.7750    1.0478    2.0596    1.9873    1.2918    2.6080    1.0330    1.0527    2.8475    0.2328    2.2447    2.9176    2.5231    3.1187    1.1220    3.0441    2.8127    2.7237    2.5910    1.3321    1.8526    0.8288    1.5210    1.3165    0.9768    2.5466    1.1187    2.9359
    660000      61.014162
    670000         9.0272       -29.2641        38.2912
    670000         6.7229        14.5970
    670000    1.7530    3.1220    2.3749    2.1304    2.8952    2.9802    2.9253    2.0251    3.1009    0.2577    2.3739    0.4902    2.7982    0.5586    0.1221    0.2945    2.7480    1.0235    2.0159    2.2269    2.9089    2.9002    1.5769    1.2149    2.7911    0.3018    0.3400    2.9109    0.1868    2.0981    1.7485    2.7423    1.9518    0.8762    2.5695    2.0026    2.0293    1.8997    1.6199    2.3676    0.6515    1.5719    1.4348    1.7651    2.9173    1.2223    2.4971
    670000      61.950791
    680000         9.5241       -30.3728        39.8968
    680000         4.6171         5.8701
    680000    1.3023    0.7400    0.9393    0.7478    2.9072    0.1330    2.6348    0.1914    1.2117    0.0823    2.7179    2.3300    1.9771    1.0827    2.0255    2.1957    2.9356    2.8524    0.6767    2.0504    1.3759    2.0694    0.6951    0.2183    1.0012    0.6202    0.3436    1.3280    2.5343    0.4752    2.9182    2.8177    2.4608    0.8813    1.4498    2.7627    0.4943    1.7103    0.8050    2.3333    3.0767    0.8283    0.6575    2.0083    2.7492    0.5293    1.4505
    680000      62.890142
    690000        12.3574       -28.5965        40.9539
    690000         6.3006         8.7514
    690000    0.8262    2.8474    2.8046    1.8300    3.0987    1.3479    1.8065    2.5617    1.1626    1.7014    0.1791    1.1194    0.9248    0.1353    2.4897    0.1282    2.6343    1.6317    3.0025    2.1749    2.5599    2.4321    1.5898    2.9927    1.2452    2.3076    0.3842    1.0497    0.6374    1.4883    0.6763    2.8074    2.1120    0.8999    1.8320    1.9201    1.9331    1.2664    2.6553    2.1497    2.1573    0.3870    1.6018    2.4872    3.0826    2.2397    2.4284
    690000      63.818739
    700000        10.0848       -28.6033        38.6881
    700000         6.9439        14.8241
    700000    1.8780    2.4405    2.5444    2.7864    2.7968    2.7636    3.0409    1.6909    2.6348    0.0921    2.9822    0.5291    3.0222    0.7271    0.1574    0.2201    2.6067    1.2286    0.5806    2.8794    2.7420    2.7086    1.3598    1.6080    2.7781    0.0748    0.0975    2.7029    0.1318    1.8670    1.5388    2.9391    2.1632    1.1830    2.5945    1.8614    2.2881    1.6757    1.5080    2.3089    0.5364    0.8475    1.9858    1.7245    3.0221    0.9982    2.9967
    700000      64.751739
    710000         7.0601       -30.8575        37.9177
    710000         6.9038        14.0236
    710000    1.2164    2.8368    2.6426    1.8196    2.9129    2.3360    2.3396    3.0852    2.0716    1.2114    1.0234    1.4093    2.2111    0.3717    2.0407    0.5065    1.9624    1.6435    2.7894    2.5587    2.0372    2.9569    0.0011    2.2334    0.8343    2.1162    0.3437    2.5338    0.0277    1.6272    0.9438    2.7625    2.0029    0.8635    2.1968    2.0079    1.8863    1.6563    2.5129    2.8171    0.0665    0.5108    1.0335    1.9607    3.0443    0.6923    3.0831
    710000      65.694097
    720000        10.2154       -27.0938        37.3092
    720000         4.1492        12.2036
    720000    1.9584    1.0151    2.9742    0.6973    3.0456    0.0059    3.0841    0.4807    1.7931    0.1670    2.7334    1.3487    1.4433    0.9435    1.7743    2.1829    1.9492    2.6011    1.2731    1.8611    2.0474    2.2818    0.3442    0.3266    2.3925    0.6053    1.7764    0.3724    0.4342    1.1914    2.8110    0.3997    0.7172    1.3518    1.5649    2.3113    2.6232    0.7500    0.8669    2.7391    2.5296    0.1182    3.1083    1.3565    2.2800    1.4153    2.9699
    720000      66.645296
    730000         9.1004       -29.1163        38.2167
    730000         3.7324        13.1049
    730000    1.4697    1.5146    3.0123    1.9728    3.0957    1.0072    2.5137    1.2429    1.0419    2.1057    2.7095    0.6190    1.9288    0.9882    0.4796    2.4579    0.5328    3.0570    2.3066    0.4634    2.7656    1.5413    0.5718    0.5061    2.6752    0.6622    2.2983    0.2033    0.1748    1.7262    2.1768    0.5005    1.5872    0.9824    3.1105    1.2865    2.1384    2.9383    0.7865    2.5876    2.6332    0.5207    2.9464    2.9973    2.4101    1.1470    2.7001
    730000      67.587345
    740000         9.4345       -27.6495        37.0840
    740000         4.7076         6.9447
    740000    0.8439    2.9967    3.1154    3.0612    1.6686    0.2040    0.3960    1.6838    0.8457    2.8171    1.2386    0.7249    0.8461    0.0436    1.8693    0.0405    3.0413    2.4031    2.7493    2.1786    3.0086    2.7802    2.2671    2.2346    2.5707    2.0953    2.0067    2.1916    1.5940    1.0391    0.1198    3.1056    2.3932    1.0323    2.3805    0.9378    2.2424    1.1817    2.3273    1.5277    2.5320    0.4739    2.9382    2.6685    2.2678    2.7107    2.5983
    740000      68.534887
    750000         5.7542       -31.1848        36.9390
    750000         5.8443         6.4457
    750000    1.4799    3.0777    1.1097    1.2033    2.3938    2.1786    2.6594    0.1435    2.9065    1.2155    2.0092    0.8783    2.7475    0.1052    1.5875    1.0030    3.0201    1.4666    1.5047    1.1645    2.1178    2.2600    2.2937    0.6602    2.5677    0.2638    3.0994    0.3042    0.2051    2.1072    2.3532    2.5964    2.9305    0.0562    3.0957    2.7432    3.0599    2.0423    1.1840    2.6849    0.2279    2.8753    3.0006    1.7971    2.3136    1.6111    2.5713
    750000      69.490833
    760000         9.8633       -29.5059        39.3692
    760000         5.5482         6.0714
    760000    1.4431    2.9278    1.0050    1.1493    2.4976    1.1230    3.1133    0.2303    1.9814    1.0659    1.7410    0.7539    2.9180    0.3462    0.8769    0.2692    3.1406    1.4804    1.9755    0.6156    2.0181    2.4337    1.8973    0.7696    2.6357    0.7249    1.7465    1.9528    0.0123    2.3020    2.7730    2.4598    2.8160    0.3534    2.9628    2.6022    3.0576    1.9511    1.2662    2.7234    0.4930    3.0109    3.0591    1.6694    1.8075    2.1316    2.4708
    760000      70.440509
    770000        10.0201       -29.0775        39.0977
    770000         5.3915         5.8403
    770000    1.5760    2.3815    0.4893    1.2551    2.1764    0.3696    1.7873    1.0881    2.4469    0.2547    1.2442    0.1824    3.1003    0.1100    2.1388    1.8870    3.1359    2.0901    1.4617    2.9975    1.3034    1.5926    2.4998    0.8106    2.1933    0.4430    1.9043    1.1552    0.3911    2.2924    2.0343    2.6210    2.9178    0.5613    3.1109    2.9225    2.9965    2.6479    0.7710    2.5192    0.6583    1.8200    2.1372    0.8154    2.4485    1.4839    2.1065
    770000      71.393457
    780000         7.8559       -29.3003        37.1562
    780000         5.1433         6.3900
    780000    1.5912    2.9634    0.6461    1.3688    1.9099    3.0345    1.4905    0.4247    3.0989    0.4626    1.3349    0.4636    2.6608    0.3848    1.6817    1.5606    3.1243    2.2440    1.2784    2.8578    1.6788    0.8233    3.0873    0.4635    2.4143    0.6616    2.6875    0.8173    1.2410    1.1102    2.2891    2.4374    2.8775    0.4947    2.2188    2.6973    2.4714    2.4354    0.8970    2.6163    2.2037    1.3531    3.0028    2.4800    2.5464    0.5879    2.6379
    780000      72.359041
    790000        11.0495       -30.4203        41.4698
    790000         5.2450         5.0781
    790000    1.5600    2.4833    0.4637    1.2823    2.3282    0.6808    1.4284    0.5080    2.1770    0.5831    1.4991    0.3854    2.4248    0.9211    1.5511    1.5040    3.1139    2.2358    2.0125    2.9941    1.4520    0.9042    3.1290    0.7268    2.1259    0.1395    2.4080    1.0318    0.4823    2.0079    2.1123    2.7948    2.9797    0.2108    2.5600    2.8230    2.8621    2.6846    0.9167    2.5298    0.2904    2.2642    2.9377    2.2579    1.4697    1.6092    1.4318
    790000      73.315064
    800000         9.4257       -32.1839        41.6097
    800000         4.9213         7.4837
    800000    1.2979    2.0268    1.1486    1.3825    2.4098    2.1109    1.7247    0.7897    3.0488    1.4391    1.6126    0.6334    2.8170    0.0660    1.3664    1.1049    2.7659    2.2398    3.1049    1.1942    2.2686    1.8422    0.1984    0.6291    2.6388    1.4371    2.0189    2.2446    0.0083    2.3865    2.8132    2.3219    3.0069    0.0410    2.4188    2.4185    2.3285    2.4248    1.1424    2.7777    2.6290    0.6630    2.8247    3.0025    2.2290    1.1111    2.8895
    800000      74.274121
    810000         8.6081       -32.5211        41.1292
    810000         4.6386         6.4468
    810000    1.5057    0.8606    1.5103    0.9717    2.8129    0.1556    2.4493    1.0164    0.7699    1.2483    3.0243    2.3549    0.4537    2.8464    2.6028    2.6248    2.8033    1.9633    2.8021    1.7585    0.7997    1.8805    1.0008    0.1585    0.6641    1.0452    0.6859    0.9360    1.1299    0.4909    2.3881    0.8737    1.4315    2.3648    1.1275    2.7764    2.6850    1.3656    1.1516    2.0300    0.7054    0.8056    0.2819    0.2802    3.0706    1.0748    1.4874
    810000      75.249274
    820000         6.0147       -32.9205        38.9352
    820000         4.6770         8.2659
    820000    1.4829    1.0841    2.4126    0.1371    2.4080    0.3264    2.9541    1.4972    0.1604    1.0963    0.5150    0.0273    1.4115    1.5986    2.8743    1.4616    3.0972    3.0728    2.6104    2.4885    3.0835    2.0595    2.6185    0.3519    0.4894    0.0693    2.5196    1.6264    2.4594    0.0335    1.8641    2.5397    2.8799    1.1516    1.5777    1.6843    2.9672    2.9577    0.5934    2.6677    1.8129    1.5531    2.7335    1.7041    1.5616    1.1464    0.9411
    820000      76.199274
    830000         5.0715       -30.0946        35.1661
    830000         4.9144         6.6605
    830000    2.1015    0.7103    2.8214    0.8453    3.1084    0.7173    3.0332    0.1064    0.8655    0.7465    2.9464    2.7064    2.4087    2.1087    2.9473    3.0265    2.6359    0.6344    2.0989    2.0503    1.2772    1.7914    1.4839    0.3419    0.0827    1.2091    1.1946    1.1012    2.6009    0.5225    1.9298    1.1898    1.3584    2.6314    2.0162    2.6531    3.1115    3.0695    2.4329    2.1942    0.7288    1.0954    0.7060    0.6452    3.1252    0.9270    0.1467
    830000      77.162377
    840000         4.4565       -32.2090        36.6656
    840000         4.1647         9.4908
    840000    1.4853    0.7727    1.4100    1.1474    2.8651    0.6948    2.4893    1.8205    1.3513    1.6902    2.6090    0.8562    3.0376    2.2627    2.9086    2.6108    2.2252    0.8595    1.5299    1.3545    0.1075    2.4731    0.5792    0.0671    1.7360    1.0791    1.2847    0.7797    0.5479    0.4206    2.7092    0.1207    0.7241    2.1478    2.1101    2.6726    2.5352    2.7356    2.2081    0.8964    0.1502    2.1897    2.3489    0.3682    2.7365    1.8927    0.7538
    840000      78.122706
    850000         2.6421       -35.3746        38.0167
    850000         5.6594        10.8042
    850000    2.0668    1.7131    2.6829    2.5823    2.5462    0.9757    3.0848    0.4845    0.9619    0.8931    2.9689    0.6983    2.5620    1.9860    1.9143    1.7780    2.8219    0.4028    1.1876    2.9984    1.7570    1.8210    2.0495    1.1071    2.5697    0.0871    2.8718    0.0627    0.2127    2.6082    1.9375    2.0039    0.9694    0.8976    0.6031    2.9635    2.4318    1.7779    0.6308    2.5319    0.7889    0.9008    1.8807    2.0260    2.8472    0.7022    0.6716
    850000      79.073026
    860000         0.7324       -33.2641        33.9965
    860000         6.3913        12.7950
    860000    1.9746    1.9657    2.5934    2.8073    2.9060    2.6074    2.6658    0.8553    2.2105    0.0668    2.8521    0.0926    3.0795    1.6418    1.5914    1.1888    2.7804    0.4314    1.5353    2.9790    2.4158    2.2415    1.8933    1.3531    3.1409    0.2743    0.1142    2.8943    0.2434    2.3904    0.9120    2.5639    1.1194    0.9887    2.7157    1.3676    2.8202    0.8635    1.7060    2.5468    0.8676    1.5847    2.6888    1.9183    3.0004    1.3742    1.6954
    860000      80.014599
    870000         6.9935       -29.3548        36.3483
    870000         4.6525         9.9622
    870000    2.1411    0.7294    2.7792    0.8639    3.0388    0.7061    2.6630    0.6089    0.9438    1.4733    3.1048    1.1772    1.7346    2.9336    2.8770    3.0087    2.5046    0.9361    2.3020    2.0882    1.1462    1.6932    1.7469    0.4004    0.6282    1.9671    1.2597    1.8022    1.0129    0.6454    2.0836    0.7164    1.0762    1.9983    1.8207    2.5884    2.7300    3.1203    3.0377    2.1723    0.8621    1.1519    0.7096    0.0510    2.8569    0.9852    2.8948
    870000      80.965434
    880000         6.6662       -29.7053        36.3715
    880000         4.4384        11.6668
    880000    2.0895    0.5918    2.8774    0.8822    3.0214    0.6673    0.1643    3.0420    0.9805    1.6363    2.7790    0.3918    2.3189    2.9285    2.8710    2.3880    2.5927    1.6836    2.4981    0.8892    0.3134    1.9744    1.1439    0.1632    1.6028    1.3864    0.9622    0.8656    0.5374    0.4368    2.4770    0.2000    1.1515    2.3856    2.1255    2.5972    2.6494    2.7524    2.8318    1.9138    0.7371    0.1639    0.0740    0.7699    2.6750    2.7769    2.2816
    880000      81.923335
    890000         6.5791       -30.6180        37.1971
    890000         5.2644         3.2255
    890000    0.9194    3.1288    2.7330    2.0783    2.9167    0.8931    0.4724    1.5000    1.6710    2.2609    1.1493    1.0595    1.2569    0.5874    2.2811    0.0083    2.9341    2.2911    2.6332    2.3039    3.1306    2.8933    2.9246    1.9294    2.2194    2.0357    1.2563    3.0749    0.9710    0.9248    0.8041    2.9102    2.4041    1.0489    2.5002    1.3576    2.7201    0.0621    2.8981    2.3825    1.8885    0.1508    2.2162    3.0105    2.7236    2.6120    2.8128
    890000      82.895329
    900000         6.1370       -32.0984        38.2354
    900000         4.3435         7.7973
    900000    0.9253    2.9584    2.8785    2.8428    1.3228    0.3864    0.0188    1.4872    1.2449    2.3535    0.9025    0.4593    0.2582    0.4217    2.0135    0.3020    3.1411    1.9495    2.5216    2.5945    2.9183    2.4552    2.4229    1.6079    2.4320    1.8926    2.0269    2.0898    1.3117    0.3623    1.1645    2.9724    2.7335    1.2161    2.1349    1.2445    2.8417    0.0387    2.1181    2.8379    0.8635    0.7418    2.5468    2.6380    2.5175    2.6652    2.2160
    900000      83.867362
    910000         9.1809       -31.3003        40.4813
    910000         4.8955         9.4167
    910000    1.7321    1.3620    2.5235    1.6861    1.8782    1.0175    0.8885    1.1589    1.4913    0.2349    0.9441    0.6559    2.6448    0.0680    1.6477    1.1601    2.8602    2.7421    2.4714    2.9661    1.5536    0.2721    2.5900    0.3074    2.3864    0.7624    2.5172    1.2707    1.1722    1.2082    2.1209    2.6932    3.0183    0.8979    2.0504    2.0119    2.3892    3.1243    0.9718    2.6002    2.6564    0.9343    2.7577    2.4531    1.4857    1.6146    0.4536
    910000      84.839418
    920000         5.1038       -35.1095        40.2133
    920000         4.0071        11.6942
    920000    1.9073    0.7615    2.9497    2.3309    3.1046    0.6440    2.6338    3.0572    2.0345    1.4508    2.2790    0.3516    3.0542    1.7567    2.4215    3.1079    2.4563    0.5667    2.2436    2.7981    1.9895    0.5881    0.6675    1.4257    2.3342    2.9438    0.9145    1.4248    0.3968    0.6250    2.7636    0.8676    0.5340    1.9098    2.4311    1.9896    2.4776    2.2947    2.2921    0.9324    0.1262    2.3463    2.8050    2.8895    0.6147    0.7901    2.3580
    920000      85.806991
    930000         5.3060       -31.1391        36.4451
    930000         5.3006         6.5661
    930000    1.6668    2.7211    0.8166    1.4041    2.4144    1.5120    3.1322    0.0613    2.6009    0.2470    2.7892    1.9999    2.8024    0.2377    1.3539    1.6487    2.9089    2.9400    1.2092    2.7774    2.4308    3.1078    1.4148    0.4821    2.8427    0.4608    2.3650    1.5409    1.0006    1.1496    2.9555    2.4450    2.4048    0.7467    1.6606    2.6847    1.5816    2.8077    0.8049    2.6289    3.0772    0.3502    2.8084    2.4990    1.0701    2.1164    2.7347
    930000      86.772880
    940000         5.6354       -32.6958        38.3312
    940000         4.2664         9.8614
    940000    1.5416    0.8768    1.1261    0.9158    2.7042    0.3394    2.4898    1.2544    0.9654    1.7312    2.7072    0.1062    1.9302    2.7232    2.8008    2.3236    2.5921    2.1500    2.9958    1.7414    0.1821    1.6828    1.4159    0.2894    0.0684    0.3745    0.0339    1.2594    0.3156    0.3669    2.3732    0.9383    3.0565    1.6968    2.8347    3.0390    2.8352    2.8780    2.0116    0.3551    0.8541    1.1403    1.0688    1.4027    3.0003    0.4106    1.7467
    940000      87.743924
    950000         2.0148       -36.2340        38.2488
    950000         4.7325         7.7917
    950000    1.2727    1.4441    1.1012    1.1062    2.4615    1.8874    2.6761    0.9351    1.2489    1.1943    2.6994    1.8218    2.5284    0.8507    0.0990    0.6739    2.9731    3.0648    3.1339    2.0621    1.3295    2.3058    0.5168    0.5863    2.9731    1.5972    2.4455    2.7700    0.1317    1.8439    2.8903    2.2911    2.8480    0.8379    2.6774    2.2568    1.9915    2.3620    0.9624    2.5482    2.9365    0.2051    3.0478    2.6376    2.3447    1.1468    2.8866
    950000      88.714857
    960000         3.2680       -34.3950        37.6630
    960000         5.0893         5.1776
    960000    0.8955    2.8365    2.6985    1.5485    3.0385    1.0493    0.3126    1.3327    2.0504    2.1146    1.1674    0.7910    0.6847    0.0184    2.4118    0.2062    2.9009    2.5041    2.1550    1.7227    2.0901    3.1095    2.2683    2.9695    0.8416    1.7452    0.3262    1.8110    0.3396    0.4222    0.8219    3.0765    2.9506    1.3243    1.9940    1.6541    2.1619    0.4969    3.0554    2.4503    2.6962    0.4800    2.5768    2.6217    2.8705    2.8220    2.7100
    960000      89.683705
    970000         8.3267       -29.9819        38.3085
    970000         4.5234        12.5239
    970000    2.0821    0.5657    2.8870    0.8815    3.0048    3.0290    2.8506    2.8294    0.8528    2.0298    2.7173    0.1280    2.4084    3.1112    2.7028    2.4095    2.4913    1.1432    2.3524    1.3094    0.3209    0.2847    0.2428    1.0129    2.4919    2.5107    0.6946    1.1627    0.0829    0.7382    2.9967    1.0292    0.8193    1.8598    2.9063    2.5271    2.7158    2.9524    1.4506    0.6278    1.4608    0.8914    0.5041    1.0044    2.9197    2.2358    2.2235
    970000      90.652589
    980000         8.9696       -31.6809        40.6504
    980000         4.5590         6.9525
    980000    2.0332    2.5550    2.8147    0.0493    2.5957    0.2467    1.7391    1.7910    1.1154    2.1848    0.6616    0.1540    1.4501    1.6957    2.4910    0.8732    3.0660    2.8509    2.2504    2.4451    2.5131    2.6109    2.7577    1.0960    1.2837    2.1373    1.7755    0.0983    2.5630    0.1321    1.3517    3.1297    3.1411    1.2090    1.3300    1.7118    3.0071    0.6598    2.3694    0.1244    2.7322    1.3910    2.9605    2.7815    2.0701    2.4257    1.6117
    980000      91.611380
    990000         8.4510       -30.3086        38.7596
    990000         4.1903        11.0280
    990000    0.9494    1.6924    2.8914    2.1930    1.4607    0.0708    2.6218    1.3054    0.7719    2.5856    0.6618    0.2367    2.1994    0.4077    2.9961    1.5140    0.6963    0.8730    2.5268    2.8814    2.5473    2.2311    1.1379    1.0429    3.1216    0.2689    3.1045    0.9099    0.7355    0.6557    1.2185    2.0554    2.7523    1.3390    3.0027    0.2244    2.7699    0.7190    1.5087    0.6090    3.0469    0.4533    2.5039    2.7385    2.2809    1.4821    2.7316
    990000      92.571435
   1000000         8.6889       -30.1491        38.8380
   1000000         5.4901         4.9069
   1000000    2.0579    0.7506    2.8803    1.9013    3.0039    2.5349    2.2183    2.4815    2.3720    1.1254    1.2181    1.2063    1.1849    0.1433    2.9689    0.7587    2.8807    2.7727    1.4522    1.7620    0.7446    2.8748    1.4382    2.5876    0.9024    1.9522    1.3235    1.4847    0.6154    0.7876    1.4315    2.7706    2.7280    0.8173    3.1267    2.1658    2.3200    1.0538    2.6128    2.7545    2.9708    0.3135    3.0360    1.8905    2.9700    0.5392    1.7373
   1000000      93.532313
