# Step Wall_Time_s
         1         0.3502        -0.8412         1.1914
         1         7.6450        25.4796
         1    2.4287    1.9618    1.3982    0.8238    3.0939    2.7366    0.2611    0.1523    2.8973    2.7297    0.2798    0.1644    2.8929    2.7825    0.0896    0.5176    2.6727
         1       0.009201
     10000         8.6760        -1.8740        10.5500
     10000         4.7616        13.3854
     10000    1.1325    2.8346    2.4268    1.6204    2.5006    2.3641    2.5792    2.0546    2.9472    1.7521    1.1692    2.0130    2.6954    2.7347    1.1249    2.3694    2.4505
     10000       0.153089
     20000        11.0145        -2.0125        13.0270
     20000         3.8492        13.9751
     20000    2.2771    1.2707    2.8437    1.6272    2.6276    0.8580    0.5693    0.0509    0.9943    2.5591    2.5539    0.0964    1.8844    0.3163    2.8242    2.7447    2.7126
     20000       0.308559
     30000        13.6597        -2.5029        16.1626
     30000         4.6524        17.0639
     30000    1.2456    2.2463    2.5577    2.3554    2.0737    2.2169    1.6875    2.9321    3.0179    0.7291    0.3619    1.4934    1.1061    2.7818    2.9510    2.2473    2.5873
     30000       0.459539
     40000         7.3745        -7.4198        14.7943
     40000         4.1803        11.2171
     40000    2.1259    1.5692    2.6296    2.9095    2.7331    2.6037    2.7323    2.5917    2.0018    1.9133    0.4581    1.8845    2.4309    2.4918    2.1992    2.9324    2.4003
     40000       0.613170
     50000         8.0321        -1.4711         9.5032
     50000         5.3155        13.6065
     50000    2.1366    2.6774    3.0216    0.3659    2.7808    2.8665    2.9182    2.6179    1.7390    2.3742    2.7952    2.9948    2.8332    2.9337    2.6568    2.7325    2.8864
     50000       0.767429
     60000        14.5429        -2.6309        17.1738
     60000         6.0695        19.8376
     60000    1.7231    1.7761    1.3432    2.9075    1.7266    0.1827    1.1278    2.6756    2.8830    0.9893    2.6647    2.4644    2.7499    0.4192    0.6341    2.7857    3.0277
     60000       0.907005
     70000         5.5626        -1.8456         7.4082
     70000         5.9488        20.5192
     70000    2.2019    2.7461    2.7100    2.6349    3.0753    2.6939    2.9057    2.2790    3.0037    0.8145    3.0364    0.8592    3.0461    0.6248    2.9905    2.0687    2.9810
     70000       1.049191
     80000         9.7341        -1.9585        11.6925
     80000         7.0319        19.6492
     80000    2.1108    2.7161    2.7940    0.4953    2.6854    2.4641    2.8191    2.6537    2.6041    3.0449    2.9647    2.8923    3.0034    3.0383    3.0485    3.0641    3.0450
     80000       1.190829
     90000         6.7565        -7.4634        14.2198
     90000         2.9081        10.2372
     90000    1.9132    1.6514    0.0498    0.8873    1.0084    0.9083    1.2141    1.5663    2.8931    0.4246    1.4896    1.5261    0.9915    2.4089    1.1071    0.0716    2.9868
     90000       1.359392
    100000        14.0389        -2.0122        16.0510
    100000         4.6117        10.4721
    100000    1.9534    2.4987    3.1009    2.8430    2.9580    3.1104    3.0165    0.3777    3.1095    2.6438    2.6451    2.7677    0.2813    2.1970    1.4072    0.1670    1.9356
    100000       1.524716
    110000        10.5784        -1.9689        12.5473
    110000         4.3760        15.9434
    110000    2.1756    0.9240    3.0610    2.4677    0.0513    0.9707    0.9472    1.7591    2.7929    0.0909    0.7305    1.4943    2.8382    2.6321    0.5764    2.1933    2.7105
    110000       1.676134
    120000        10.2475        -5.7986        16.0461
    120000         3.1548         7.8156
    120000    1.7122    1.0566    3.0928    0.9838    2.3389    1.2625    1.9687    2.5040    3.0434    2.9600    2.4622    0.2690    2.5812    3.1262    1.5246    2.5092    2.5049
    120000       1.820688
    130000         8.4366        -2.4701        10.9068
    130000         4.8617        12.5978
    130000    2.1414    3.0090    2.9515    2.3861    2.1400    2.7829    2.1686    2.4568    2.7234    0.4433    2.3439    1.9677    2.5550    0.0008    2.7450    2.7271    2.8297
    130000       1.970741
    140000        10.9330        -2.0572        12.9902
    140000         3.5469         9.1496
    140000    1.3811    1.7856    2.9421    2.3133    2.5335    3.0451    2.4970    0.6616    2.6883    0.5208    2.0251    0.3374    3.1319    0.4264    3.0043    0.6925    2.5869
    140000       2.111555
    150000        14.6969        -2.1597        16.8566
    150000         3.0702        10.6578
    150000    1.5459    2.3372    2.2830    2.7980    1.7307    2.6626    2.5018    0.9882    2.7265    0.3934    2.7378    0.0922    2.7369    1.7629    3.0761    2.6195    2.9897
    150000       2.273908
    160000         4.9635        -1.5187         6.4822
    160000         7.7132        24.7134
    160000    1.8126    2.4530    2.5752    2.4280    3.1398    2.1796    3.0069    2.8334    3.0667    2.7398    2.9903    2.9315    3.1198    2.9689    2.1820    2.2969    1.8890
    160000       2.418807
    170000         9.6841        -1.9677        11.6518
    170000         7.7468        25.5583
    170000    2.1618    2.7990    2.8067    3.0014    2.8721    3.1130    2.8748    2.8702    2.9890    2.1064    2.8963    2.1919    2.9542    2.9814    2.2919    2.5031    2.6330
    170000       2.562638
    180000         9.8117        -5.6433        15.4550
    180000         3.3011        10.9383
    180000    1.7691    1.8839    1.7201    1.7115    2.9419    2.1635    1.5415    0.1422    0.7155    0.5305    2.9984    2.1945    1.9173    1.5930    2.3051    2.3194    2.6015
    180000       2.739892
    190000         9.2400        -5.2839        14.5239
    190000         5.3476        13.6608
    190000    2.3335    3.0638    3.0263    2.5651    1.2797    2.4381    2.8915    1.9185    1.4801    3.1172    3.0123    0.6860    2.9282    2.5668    2.6645    2.8911    2.9754
    190000       2.902175
    200000         9.3634        -1.9012        11.2647
    200000         3.9414        13.4183
    200000    1.3724    1.4246    0.4244    1.3968    2.5873    2.4242    1.5744    2.7956    1.8611    1.3333    2.1824    1.7585    2.9214    2.0524    2.4456    1.1537    1.9693
    200000       3.057351
    210000        11.7759        -1.8024        13.5783
    210000         7.3516        23.5914
    210000    2.3605    2.6552    2.7787    2.0912    3.1093    2.0312    3.0731    2.6307    3.0736    2.4883    3.1262    3.0434    3.0697    2.3272    3.0591    1.5743    2.8515
    210000       3.216305
    220000        11.7148        -1.4697        13.1844
    220000         1.5715         1.6834
    220000    1.6469    2.1037    0.2689    0.3723    2.2726    2.8589    0.3328    1.8617    2.7942    0.0765    2.2993    0.4484    2.3637    1.7092    0.3290    1.6590    2.1100
    220000       3.360679
    230000         7.7202        -6.0780        13.7982
    230000         3.9508        10.9268
    230000    2.1954    2.8102    2.5600    1.5164    2.8908    0.8096    2.8490    2.3664    0.4103    1.4062    3.0944    0.0735    2.2040    2.9804    1.8464    2.2823    1.9117
    230000       3.525356
    240000         9.9825        -2.1019        12.0844
    240000         2.5899         6.4194
    240000    2.3319    2.5737    2.8282    2.7799    2.8198    0.1202    2.5829    2.2374    0.9531    0.4776    0.3764    1.9303    2.1524    1.3157    1.5630    1.8372    2.3982
    240000       3.704864
    250000         5.9840        -6.0119        11.9958
    250000         5.4166        13.7921
    250000    2.2565    2.1612    2.5522    1.1899    3.0488    1.9777    1.9326    1.9925    2.7683    2.0192    2.7317    2.4911    3.0303    0.6519    2.9301    3.0729    2.9734
    250000       3.869411
    260000         8.0454        -5.7993        13.8448
    260000         3.4265         6.4456
    260000    2.1169    2.9369    2.8930    1.2446    1.1323    2.4320    3.1063    1.2162    2.6282    2.4641    1.4964    1.8552    2.3671    0.2849    1.3205    2.6347    1.3233
    260000       4.035055
    270000        12.8216        -4.1508        16.9724
    270000         3.0170         7.4601
    270000    2.3473    2.9119    2.0229    2.4760    2.6318    2.8982    0.0905    3.0116    2.6703    1.4435    1.6438    1.0719    1.8928    1.0606    1.6991    0.7719    2.7458
    270000       4.186429
    280000        10.8120        -3.9359        14.7479
    280000         5.2429        13.0491
    280000    2.0797    1.5006    2.5888    1.0611    1.4575    0.6937    3.0709    0.7481    2.3248    2.5841    3.0823    0.0853    2.9933    3.1293    3.1107    2.7999    3.1069
    280000       4.346573
    290000        11.9208        -1.9205        13.8413
    290000         4.9027        12.2527
    290000    2.0211    1.6317    1.1336    2.0531    1.8857    2.0175    1.6067    3.0386    3.0981    2.4865    2.0398    2.3439    2.5382    1.1272    3.0826    1.6075    3.0578
    290000       4.515638
    300000         8.4630        -6.1136        14.5767
    300000         4.9828        13.1704
    300000    2.1546    0.9939    2.5152    2.0029    2.0264    2.5742    3.1216    2.5347    1.9314    1.8690    2.7661    0.2226    2.8764    1.7566    2.8348    3.0518    3.0275
    300000       4.686359
    310000        10.4041        -3.3113        13.7154
    310000         2.8218         5.4621
    310000    2.1474    2.0177    2.2793    1.5492    3.0218    1.1880    3.1298    1.6876    2.7524    1.8522    3.0761    0.4215    0.2978    1.3174    1.2441    2.6125    0.0992
    310000       4.831507
    320000         9.6118        -6.4576        16.0694
    320000         3.4779        11.1567
    320000    2.1117    1.7019    2.7575    1.4418    2.8892    1.5349    2.9084    3.0958    3.0064    0.1362    2.0341    0.8501    3.0911    2.6913    1.2754    2.7332    1.1275
    320000       4.989756
    330000         9.9212        -4.6496        14.5708
    330000         3.8914        11.8997
    330000    1.9914    1.5207    2.6506    2.6774    0.2297    0.9464    2.9018    1.8014    3.0795    0.9441    2.4323    1.5828    2.7713    2.3982    2.2350    1.4196    2.9083
    330000       5.174404
    340000        14.4049        -5.1343        19.5392
    340000         2.6805         6.0335
    340000    0.9655    2.1905    1.0067    1.7533    2.4283    0.5157    2.2329    2.3704    1.3067    1.5461    0.4702    0.6710    3.1416    2.1558    0.4188    2.4780    2.2178
    340000       5.361506
    350000         5.5364        -9.2718        14.8082
    350000         2.0089         0.7227
    350000    1.5101    1.6313    2.5731    0.6329    1.8118    3.0700    2.8656    2.4980    2.9241    0.5194    2.0274    0.1207    2.3201    2.1227    2.5623    3.0084    2.2617
    350000       5.547095
    360000         9.6535        -6.2472        15.9008
    360000         3.6546         9.1287
    360000    1.3056    0.9779    1.5192    0.6534    2.6495    2.4596    2.2803    2.4147    2.6416    1.4969    2.2392    0.9416    2.8674    2.5796    3.0831    2.4096    2.9411
    360000       5.729598
    370000         7.1555        -2.7357         9.8912
    370000         4.9259        16.2262
    370000    2.0873    1.3195    2.8206    0.7352    3.0414    1.3465    2.4373    2.8772    2.9114    2.1068    3.0638    1.1748    2.0719    1.9233    2.7146    0.5055    0.7303
    370000       5.873819
    380000        11.2858        -2.7466        14.0325
    380000         2.7837         8.0131
    380000    1.1643    1.8447    3.0326    1.4693    2.7846    2.2211    1.9316    2.8586    2.3926    0.3122    2.3366    2.3106    2.3994    0.9244    2.2346    2.1692    3.0596
    380000       6.033623
    390000        14.5854        -3.5383        18.1236
    390000         3.5573         7.4876
    390000    2.0632    2.4358    2.7382    1.2130    0.2693    1.3552    2.8912    2.9131    2.8274    2.6629    1.9141    0.8084    2.3359    2.9733    1.9957    3.0743    2.9594
    390000       6.186538
    400000         8.5791        -2.1024        10.6815
    400000         5.4402        17.9960
    400000    2.1883    0.9314    2.6231    0.8314    2.8401    2.6945    3.1028    2.6781    2.7447    2.4309    2.8376    1.9651    2.7625    1.8410    2.3577    0.1491    2.7103
    400000       6.332784
    410000         4.2441        -8.1903        12.4345
    410000         5.2064        12.8419
    410000    2.2390    2.9632    2.7184    3.0274    3.0542    2.6914    3.1112    0.2600    3.0010    2.2812    2.6416    1.9429    2.9825    2.2478    2.4676    2.3682    2.7548
    410000       6.503595
    420000         4.4723        -5.4409         9.9132
    420000         3.4328         8.3102
    420000    2.1646    3.0632    2.5448    1.8927    1.2985    2.3957    3.0691    0.6989    2.6663    0.4894    1.4199    1.1061    1.9130    1.0681    0.0397    1.1732    0.8214
    420000       6.675635
    430000         6.2997        -2.1520         8.4517
    430000         5.9141        18.7391
    430000    1.7587    1.6269    2.9538    2.8119    3.0174    3.1368    3.0155    2.4287    3.1245    1.5143    1.6365    2.3867    2.2629    2.0122    1.9471    3.0084    2.8559
    430000       6.828786
    440000         8.7461        -7.5088        16.2549
    440000         4.8289        13.7019
    440000    1.8403    1.2500    3.0942    1.5740    2.6313    2.8710    3.0544    2.4164    3.0842    2.0288    1.6017    0.7500    2.9620    0.9286    0.3172    2.4537    2.3283
    440000       6.983569
    450000         9.6359        -1.4240        11.0599
    450000         6.7915        21.1315
    450000    2.2430    2.8825    2.7806    1.1121    2.9205    1.2670    2.3890    3.0814    2.7242    2.2954    2.5165    2.3373    2.9130    2.9883    2.4201    2.7015    2.9522
    450000       7.153025
    460000         8.9521        -5.4984        14.4506
    460000         4.3712        10.3853
    460000    2.0972    2.6297    2.8172    3.0583    3.0355    1.3396    2.8194    0.2721    2.7686    0.3566    2.9237    0.7196    3.0795    2.8536    3.1331    2.7765    1.9028
    460000       7.305914
    470000         6.7769        -2.6140         9.3909
    470000         4.7969        12.5204
    470000    1.9570    1.1150    2.6083    2.6902    3.1326    2.4929    3.0910    1.5001    2.0029    1.1889    2.6276    2.6167    2.6314    2.7329    2.9945    2.6266    1.7509
    470000       7.479898
    480000        18.3380        -5.2017        23.5397
    480000         2.9659         6.6573
    480000    1.9314    3.0900    1.0714    2.7968    1.7467    2.1130    2.2729    0.9927    1.7465    2.1417    3.0586    0.1331    2.5621    2.3269    2.4591    1.5978    1.7734
    480000       7.632185
    490000         8.7891        -5.3859        14.1750
    490000         4.3857        10.9452
    490000    2.1926    1.1689    2.2174    1.2461    2.0287    0.7706    2.5091    2.4959    2.7050    1.9191    2.5742    1.5773    2.7257    2.3262    3.0030    1.8784    3.0338
    490000       7.800977
    500000        10.1471        -3.1558        13.3029
    500000         4.9698        13.0330
    500000    1.5369    2.2016    2.7606    2.3475    3.0421    2.1563    2.9693    0.6460    3.0919    2.9810    2.9304    1.7390    2.8927    2.0045    2.8038    3.0205    1.9198
    500000       7.979939
    510000        12.2725        -6.9353        19.2078
    510000         2.6339         3.3186
    510000    2.2978    2.9824    2.5099    1.5291    2.8665    1.9164    2.5362    2.2116    3.0921    2.9591    2.7764    0.9414    1.3247    1.1163    2.2745    2.3649    1.4437
    510000       8.160879
    520000         8.9248        -1.7226        10.6474
    520000         5.6664        15.0431
    520000    2.2236    1.8460    3.0053    2.1128    2.9802    2.5632    2.4970    2.4593    2.9878    1.0584    3.0776    0.2005    1.6120    2.5777    2.4298    2.9427    2.7842
    520000       8.309130
    530000         9.7205        -4.2213        13.9418
    530000         4.4628        10.7500
    530000    2.0743    2.3132    2.5593    1.8683    3.0931    2.5555    2.7243    2.4049    2.1251    0.7604    3.0353    2.9467    2.6218    2.5425    3.0988    2.5378    2.1853
    530000       8.456009
    540000         6.8660        -1.4443         8.3104
    540000         5.9796        16.0936
    540000    2.0545    2.7103    2.6809    2.0262    3.1210    2.3314    2.3476    1.7120    3.0232    2.0140    2.5694    2.4079    2.9164    0.0774    2.7984    2.9463    2.7156
    540000       8.616632
    550000        12.5034        -5.3239        17.8273
    550000         2.8307         6.5414
    550000    1.4582    1.9770    2.5503    1.1824    2.7574    1.1310    1.1671    2.5054    2.9520    0.3438    2.9988    1.1935    1.1029    1.7871    2.0281    2.4857    1.4261
    550000       8.765471
    560000        13.5904        -1.7763        15.3666
    560000         4.1113        10.0983
    560000    2.2241    0.8852    2.7651    2.7910    2.5862    2.7554    2.9643    1.7903    2.6203    2.0853    3.0194    2.6488    1.0134    2.8241    2.7009    1.7336    2.7557
    560000       8.918384
    570000         2.0876        -1.2318         3.3194
    570000         6.4042        20.7217
    570000    1.8727    1.3259    2.7310    0.9346    2.7838    2.1106    2.8679    2.4549    2.8510    2.6416    2.2861    1.8247    2.9963    0.2252    0.0764    2.1354    2.9267
    570000       9.061486
    580000         6.7461        -8.6011        15.3471
    580000         2.4408         3.4863
    580000    2.0394    2.7346    2.5270    1.6586    2.5204    1.8046    1.6502    0.1590    2.5684    2.0123    1.8320    0.1720    2.5229    0.3367    0.7058    2.7959    2.2876
    580000       9.232222
    590000        11.4001        -5.3430        16.7431
    590000         5.0431        13.3516
    590000    2.0461    0.9030    2.6437    0.0611    2.7893    0.8685    2.6684    0.8253    2.4238    1.3288    2.8544    3.0463    2.8534    3.0638    2.3721    2.2101    2.2354
    590000       9.393544
    600000         7.6226        -9.3366        16.9592
    600000         2.7841         4.6516
    600000    2.1959    2.6723    3.0751    0.5119    1.9189    0.3075    1.4062    2.1802    2.5309    1.9844    2.8139    0.5188    3.0643    2.4340    1.6628    1.0176    1.8543
    600000       9.580537
    610000         6.8057        -8.5596        15.3654
    610000         3.7410        12.0149
    610000    2.0925    0.9301    2.6172    2.9059    3.0132    0.0034    2.6533    0.5598    1.9756    1.2491    1.9611    2.3906    2.8073    1.6559    2.4707    1.2359    3.0175
    610000       9.760636
    620000        10.5497        -5.8400        16.3897
    620000         3.9021         9.1446
    620000    2.2633    2.9541    2.7611    2.7291    3.0883    2.2919    2.9795    2.2192    2.9881    1.9650    2.6749    0.9141    1.8445    2.3637    1.0621    0.9236    1.7001
    620000       9.938080
    630000         8.9336        -8.1456        17.0791
    630000         2.4591         6.5115
    630000    2.0081    2.3819    1.9664    1.3723    2.3728    0.4494    2.0807    0.2343    0.8527    0.0940    2.1554    1.1040    1.8833    0.0576    2.8605    1.5304    2.7665
    630000      10.105363
    640000         6.4164        -6.1596        12.5760
    640000         2.9274         5.4334
    640000    1.9437    2.4647    2.3386    2.3062    2.8452    3.0494    2.8548    0.7679    1.3256    2.1611    2.7583    1.8885    2.8005    0.3737    1.5092    2.2089    0.5691
    640000      10.282895
    650000         9.2559        -5.0672        14.3232
    650000         5.0774        13.0367
    650000    2.0810    1.8711    2.6955    2.8753    3.0369    1.9287    2.4428    3.0416    2.9866    1.0300    2.7712    2.1295    2.8983    2.6699    2.0876    2.0503    2.6681
    650000      10.441804
    660000         8.3130        -6.6132        14.9262
    660000         5.0894        12.8885
    660000    1.7022    2.3964    1.9125    2.4139    2.8256    2.3302    3.0381    1.1033    3.0613    1.6737    2.8953    2.3332    3.1322    2.3082    2.5231    2.4243    2.7738
    660000      10.617762
    670000        10.2705        -1.5208        11.7913
    670000         5.6480        20.0880
    670000    2.0592    1.0008    2.7373    0.6509    2.0553    2.6710    2.4878    2.6401    2.7538    2.8815    2.3570    1.9996    2.6138    1.0986    3.1186    1.0330    2.9688
    670000      10.766690
    680000         5.2809        -8.3774        13.6582
    680000         3.5541        10.5860
    680000    2.0754    1.0660    1.8257    1.0503    3.0893    1.5387    1.8337    2.3452    2.7638    0.1647    1.8440    0.1641    3.1077    2.5607    2.8020    2.9883    2.2173
    680000      10.930414
    690000         8.6800        -1.9208        10.6009
    690000         5.4526        17.0217
    690000    2.1236    3.0037    2.7822    2.8384    3.0492    2.7896    2.2393    2.5877    2.9585    1.3235    2.0297    0.2094    2.5768    2.0478    1.6883    2.9295    2.0666
    690000      11.085530
    700000         5.6028        -1.7046         7.3074
    700000         4.7736        11.5618
    700000    2.2347    1.2989    3.0038    1.6437    2.9206    3.1004    2.7174    0.3401    3.0424    1.5707    2.5775    0.9251    2.7156    2.0685    2.3646    2.0091    3.0245
    700000      11.225347
    710000         5.5794        -1.6419         7.2214
    710000         3.4168        11.3042
    710000    1.7101    2.3857    2.9202    1.5394    3.0379    2.0922    2.3831    2.7829    1.3272    1.1136    2.8101    2.0874    3.1283    1.7882    2.9416    1.9368    2.3026
    710000      11.365169
    720000         6.6490        -1.7579         8.4068
    720000         2.2409         4.3239
    720000    1.5612    1.9592    2.3940    0.2529    2.3174    1.3397    2.0082    2.0090    2.8989    0.4282    0.6173    2.4528    2.6837    1.4982    0.0526    0.6488    2.1082
    720000      11.521079
    730000         5.9936        -6.2538        12.2474
    730000         4.7384        12.2322
    730000    2.2077    2.5229    2.6565    2.2355    2.8649    1.9252    2.9983    0.2271    1.5914    0.8229    1.5330    0.1545    2.4605    2.3131    2.2437    1.2478    2.4289
    730000      11.674783
    740000        10.1372        -4.8333        14.9705
    740000         4.1499        10.2799
    740000    2.3030    1.5084    2.9816    1.4943    2.9207    1.1258    2.9453    0.4963    3.1328    0.4830    2.5968    2.0813    2.4544    2.3585    1.6225    2.2321    2.0134
    740000      11.816135
    750000         8.7040        -7.0389        15.7429
    750000         4.8153        12.0834
    750000    2.1616    0.7922    2.7124    0.1591    3.0592    2.3756    2.5482    2.8139    3.1045    2.0035    2.7251    0.3400    2.9633    3.0443    2.1518    3.1021    2.3009
    750000      11.975900
    760000         9.5325        -2.7596        12.2922
    760000         4.8578        12.5302
    760000    2.3674    2.9161    3.0341    1.9838    1.8010    2.0791    2.6538    2.6385    3.1327    1.8059    2.5091    0.4516    2.6439    2.5314    1.3808    2.9739    2.6093
    760000      12.140880
    770000         8.0163        -1.7557         9.7720
    770000         6.4187        22.0351
    770000    2.1002    1.9026    2.9151    1.0616    3.0138    1.0809    2.7256    1.6162    0.3429    1.5796    2.8541    1.1750    2.9346    0.1063    3.0467    2.0599    3.0750
    770000      12.302854
    780000         9.1862        -1.5759        10.7622
    780000         5.3279        18.4441
    780000    2.1169    1.2567    2.8401    0.9124    3.0523    1.7969    2.8991    2.0606    2.0995    1.3654    3.0980    1.5529    1.5134    2.3573    2.0571    0.7096    2.9186
    780000      12.447544
    790000         5.6007        -1.7487         7.3494
    790000         6.5267        21.6404
    790000    2.0605    3.0395    2.7465    2.9422    3.1060    2.7838    1.9209    2.6776    3.0381    1.3447    2.7513    1.9118    2.5721    2.3221    2.1430    2.3577    2.4729
    790000      12.590211
    800000         6.9072        -3.1839        10.0910
    800000         4.7482        13.5437
    800000    1.9570    2.9780    2.7910    1.8655    3.0801    1.8901    2.2668    0.3718    2.4636    1.9428    2.3542    2.1791    2.0501    3.0106    2.4973    2.1356    2.7150
    800000      12.747678
    810000         8.6685        -2.3004        10.9689
    810000         3.4428         7.9388
    810000    1.9573    1.7428    2.7654    3.0085    2.4058    3.1075    2.7907    0.2251    3.0399    2.2902    1.0693    2.3468    2.6609    2.3907    2.6830    0.3601    3.1258
    810000      12.898269
    820000         6.4351        -1.8436         8.2787
    820000         5.5882        18.3845
    820000    1.7981    1.4786    2.5841    1.5207    1.8720    1.0236    2.1882    2.5415    3.1041    2.7873    2.5054    0.8230    1.8436    1.1242    0.7525    0.8420    3.0875
    820000      13.048588
    830000         7.5406        -7.5440        15.0847
    830000         3.3841         7.5327
    830000    2.2862    2.1472    3.0298    1.2920    1.3218    2.3934    2.7318    1.7197    3.0010    2.9831    1.7396    0.7198    2.5100    1.0878    2.9017    1.2636    2.8705
    830000      13.219631
    840000        14.0429        -2.1864        16.2294
    840000         4.5055        14.5174
    840000    1.6388    2.0853    2.6365    1.8476    3.0785    2.4707    1.8869    2.0098    2.9039    0.8406    0.8519    0.0408    0.9070    1.1183    2.4837    3.0996    2.2727
    840000      13.379589
    850000         9.1864        -2.1988        11.3852
    850000         5.9256        16.4678
    850000    2.3684    2.8060    2.9407    2.4043    2.9812    2.6367    2.0568    3.0025    2.6998    2.2082    3.0875    0.9368    2.7613    1.5131    1.9372    3.0289    2.6039
    850000      13.526535
    860000         9.7488        -5.7102        15.4590
    860000         3.5144         8.2304
    860000    2.1866    1.6811    2.3763    2.5155    2.9510    2.4554    2.2285    1.9380    1.2024    0.8229    1.1132    1.1791    2.9288    1.6517    2.6348    2.4225    2.7708
    860000      13.687804
    870000         5.2353        -8.8523        14.0877
    870000         3.3088         8.5058
    870000    1.3363    2.1168    3.0679    1.0967    2.3503    1.4308    2.8000    2.5421    3.0161    0.0262    2.1677    1.9112    2.7015    2.8207    3.0057    2.9355    2.9622
    870000      13.861670
    880000         8.1820        -3.6964        11.8783
    880000         5.2272        17.1910
    880000    2.1462    0.7989    2.4358    2.6906    3.1410    2.3083    2.5455    2.2133    2.5268    3.0813    2.5769    1.1089    2.6374    2.7303    1.7758    3.0287    2.0628
    880000      14.046838
    890000         8.2579        -2.1547        10.4126
    890000         2.2977         5.5467
    890000    1.9782    1.4867    2.5196    1.4835    2.7491    2.4856    1.6735    0.2244    1.2719    0.0231    1.9466    3.0966    0.9428    0.0513    0.9202    0.8491    0.5972
    890000      14.203082
    900000         9.3757        -1.5739        10.9496
    900000         3.6387        10.0512
    900000    1.2876    2.3554    2.6376    2.7422    2.1321    1.9963    2.1622    1.3282    2.7939    0.8565    1.7625    2.4877    2.5288    2.1415    2.9927    1.9765    3.0383
    900000      14.346968
    910000        12.4568        -3.5104        15.9671
    910000         2.8925         6.5202
    910000    2.1971    2.9592    2.2583    1.4254    2.5194    2.4776    1.9302    0.4982    0.3784    2.5453    2.7844    1.2373    2.8338    0.4603    2.7820    3.0361    3.0771
    910000      14.495565
    920000         7.4348        -2.1371         9.5719
    920000         5.5755        14.0259
    920000    1.7857    1.7229    2.8148    2.5468    2.6686    0.1832    2.7982    2.5254    2.9539    2.5328    2.0963    2.5850    2.2238    2.8411    2.2397    1.7281    2.8993
    920000      14.649772
    930000         9.1058        -2.7964        11.9023
    930000         4.2414        11.0043
    930000    1.5513    1.4440    1.3162    1.4933    2.9867    1.1546    2.9538    2.4675    1.9827    1.4134    2.9162    0.3154    2.3320    2.4784    2.0685    2.1155    2.6903
    930000      14.797304
    940000        10.0515        -1.6870        11.7386
    940000         7.6335        25.5225
    940000    2.0559    3.0866    2.7151    2.8697    3.0519    2.7134    3.1344    2.7363    2.8993    2.6226    2.5872    2.2818    3.0243    1.2428    3.1239    2.3788    3.0467
    940000      14.940415
    950000         6.0470        -2.0482         8.0952
    950000         3.7465         8.6592
    950000    2.1352    1.0493    2.7203    0.5600    1.4025    2.3106    3.0368    3.0863    2.8534    2.7280    2.4858    0.3441    2.5466    1.9958    3.1243    0.0655    2.8110
    950000      15.087197
    960000         6.1707        -1.6927         7.8634
    960000         6.9423        22.2690
    960000    2.3809    2.6436    2.8087    2.3028    3.1289    1.8556    2.5735    1.9634    3.0896    1.0037    2.6437    2.2792    2.1935    3.0998    1.7879    3.0368    2.2636
    960000      15.234343
    970000         7.3923        -3.4787        10.8710
    970000         2.7317         7.4561
    970000    1.6532    2.7417    0.3603    2.1532    0.1829    2.4836    0.0673    2.7014    0.1494    0.2640    1.6198    1.3763    3.1116    0.2960    2.3337    1.6231    2.7101
    970000      15.391820
    980000         8.9906        -2.3259        11.3166
    980000         4.1283        12.4840
    980000    2.2109    1.0323    2.5802    2.9228    3.0473    2.5760    2.4602    1.5243    1.3360    1.9244    3.0480    1.4719    2.8590    0.9584    2.9260    2.3303    1.5954
    980000      15.549892
    990000         9.5539        -7.4619        17.0159
    990000         3.6917        11.6192
    990000    2.3000    1.3536    2.3128    2.2027    2.6776    0.4317    2.6867    2.2322    2.2056    0.9158    2.9625    2.8416    2.8903    2.0857    1.5841    0.3815    3.0584
    990000      15.713312
   1000000         9.7880        -6.7061        16.4941
   1000000         3.1672        11.6510
   1000000    1.9834    2.5922    0.5351    2.4731    0.7121    0.5991    1.5767    1.4950    1.5831    1.0332    0.8482    1.4610    1.4008    1.9994    2.9848    2.5955    3.0187
   1000000      15.898789
