# Step CPU_Time_s
         1        -5.0531        -5.0531         0.0000
         1        38.3137       132.1930
         1    0.7900    3.1416    0.0046    3.1416    0.0000    3.1416    0.0000    3.1416    0.0000    3.1416    0.0000    3.1416    0.0000    3.1416    0.0000    3.1416    0.0000    3.1416    0.0000    3.1416    0.0000    3.1416    0.0000    3.1416    0.0000    3.1416    0.0000    3.1416    0.0000    3.1416    0.0000    3.1416    0.0000    3.1416    0.0000    3.1416    0.0000    3.1416    0.0000    3.1416    0.0000    3.1416    0.0000    3.1416    0.0000    3.1416    0.0000    3.1416    0.0000    3.1416    0.0000    3.1416    0.0000    3.1416    0.0000    3.1416    0.0000    3.1416    0.0000    3.1416    0.0000    3.1416    0.0000    3.1416    0.0000    3.1416    0.0000    3.1416    0.0000    3.1416    0.0000    3.1416    0.0000    3.1416    0.0000    3.1416    0.0000    3.1416    0.0000    3.1416    0.0000    3.1416    0.0000    3.1416    0.0000    3.1416    0.0000    3.1416    0.0000    3.1416    0.0000    3.1416    0.0000    3.1416    0.0000    3.1416    0.0046
         1       0.004000
     10000        40.3305       -12.3152        52.6457
     10000        23.7388        75.4994
     10000    0.7542    2.7137    0.1051    2.3998    0.2797    0.4910    2.6407    2.7573    0.5495    1.9697    2.1166    0.1706    2.1622    0.2236    0.9257    0.6293    1.6708    0.9983    1.1765    0.9007    2.0643    1.5523    1.3757    0.1197    2.4364    2.8608    2.7033    2.0294    1.7270    2.8936    1.4650    1.3411    2.5549    1.5760    1.1347    2.6686    0.9298    3.1129    1.3475    0.2347    1.3326    0.8868    2.2253    0.1076    2.5051    0.1115    2.4514    0.3112    1.9666    0.0983    0.9831    0.7055    1.2888    1.2184    0.2840    2.7085    0.9469    0.7192    0.9538    1.0721    2.3574    1.4991    2.5290    1.6326    2.8745    0.9462    2.5897    2.5506    1.4982    1.0052    1.5804    2.9137    1.3402    2.5573    1.4981    1.6584    2.9059    2.1806    1.8730    1.9106    0.9257    2.7680    2.1420    1.0538    0.1541    2.0819    1.5405    1.3990    0.3090    1.8443    1.8163    1.3739    1.0655    1.6854    0.5448    3.0053    0.8188
     10000       3.320207
     20000        30.2258       -44.6069        74.8327
     20000         8.0067        28.5842
     20000    2.3933    2.7253    2.1991    1.1460    1.3379    2.3140    1.5721    2.5222    2.2176    1.3877    1.7109    0.4744    1.7045    2.6306    1.0099    0.8010    1.9068    0.1663    0.7692    2.5013    0.7512    2.9750    0.2882    2.8463    0.0122    2.7089    0.1174    2.5434    0.6225    0.8588    0.5851    1.5710    0.1149    2.7650    0.0864    1.3524    1.2768    2.2057    1.1578    0.9305    2.5888    2.3556    3.1000    0.0414    2.7887    2.6281    2.9332    2.2239    2.0563    1.0585    2.8106    0.3515    0.1156    0.4737    2.8614    2.5968    2.9956    0.0205    3.0804    1.0367    2.9401    0.7959    1.0779    0.5379    0.7106    0.6631    1.0102    2.1940    0.8389    2.8494    1.5861    0.2292    2.5080    0.4284    2.1087    2.1827    2.5811    0.0657    1.6553    2.5395    3.1213    1.2810    2.4324    1.4613    1.9433    1.6068    1.1454    2.6825    1.2950    1.7262    2.1426    1.5510    2.8149    0.6511    2.0881    1.4408    2.3711
     20000       6.748421
     30000        27.2009       -44.0671        71.2679
     30000        13.0194        31.8531
     30000    1.5884    1.1270    1.0813    2.5111    2.3987    0.8106    2.2687    1.6256    2.8311    2.0713    2.8428    0.9912    2.9552    0.3645    2.2662    2.3561    2.6448    2.3539    2.6174    2.3654    1.6036    1.3023    2.2049    0.3864    2.8280    1.4550    2.8331    1.6436    1.8770    1.4816    0.8361    1.3125    2.5768    1.7789    3.0061    0.0763    0.5293    3.0237    0.2831    1.4431    0.5026    2.6742    1.9525    0.3146    1.2702    0.0306    1.1103    0.1346    0.1066    1.6463    0.0821    2.4675    1.6999    2.2896    3.1243    2.5042    2.0842    2.5392    2.9584    2.7338    1.9279    2.8493    2.4973    1.8096    2.2833    1.6352    2.1140    2.9504    1.6265    3.0979    0.4418    2.7857    0.8827    3.0486    1.1499    0.0088    0.4473    1.7888    0.2172    2.3314    0.1318    1.1000    1.6182    1.0911    1.8274    1.9472    2.3417    0.9585    0.7517    2.5606    1.8444    1.9266    2.8632    1.4810    2.1528    2.4782    1.7114
     30000      10.484655
     40000        20.0654       -50.9576        71.0230
     40000        10.6104        29.8389
     40000    2.3825    2.9049    2.3005    1.3516    2.4471    1.1379    1.3534    2.6186    2.6213    2.1633    1.7099    1.8355    2.7926    2.8108    2.1989    2.7197    3.0352    1.2263    1.8817    2.3310    1.9909    2.1671    2.0908    0.5943    2.0997    1.6226    1.2414    3.1198    0.0089    0.9580    0.2484    1.8009    1.4488    1.4045    0.4370    1.5572    0.8746    2.4623    0.9859    0.6186    1.0714    0.7458    2.7642    0.3972    2.4977    1.8553    2.6247    0.7763    2.8173    2.7924    2.7723    0.3640    0.9135    0.0470    2.8763    1.6011    3.1069    0.5549    2.9575    1.7706    2.6036    0.0110    0.2392    2.4792    0.9924    3.0767    2.1910    2.7333    2.3318    2.2851    0.2893    1.8060    1.7663    3.0648    1.6782    1.4183    2.8971    2.6646    2.9761    2.4072    3.0789    1.3394    3.0071    0.6012    2.1709    1.6079    1.9837    1.5219    1.2638    1.2676    2.6390    2.2135    2.9946    0.2291    2.6785    0.0821    2.8749
     40000      14.336896
     50000        23.8890       -52.2559        76.1449
     50000        12.6758        35.9224
     50000    2.3501    3.0676    2.3497    1.1851    2.7171    0.8527    1.1586    2.9493    2.7191    1.7731    2.0473    1.2447    2.8460    2.2482    2.5618    3.0048    3.0770    1.3748    2.6203    2.0344    2.0488    2.2133    2.3252    0.8808    2.5378    1.6222    1.7233    2.7690    0.2060    0.4752    1.0072    2.4913    2.6007    0.4699    1.9493    1.3438    0.5482    2.8722    1.2392    1.1325    1.3552    1.5660    2.4781    0.5602    1.6603    0.1017    2.1387    0.4989    2.0103    2.9306    1.6747    0.7281    1.3595    0.9504    2.9400    0.1639    2.7835    1.3733    2.9211    2.0803    2.8406    0.1341    0.6728    3.0928    0.6922    3.0527    2.6078    3.1286    3.1254    3.1089    1.1473    2.9800    0.7727    2.7465    1.1540    1.1571    3.0607    3.0064    1.5926    1.2725    2.9148    1.4586    2.1087    0.4591    1.6413    1.2443    2.4039    0.7882    1.5271    1.6644    2.7781    1.5599    2.7654    1.9824    2.6919    2.5478    3.0593
     50000      18.201137
     60000        23.2119       -52.3729        75.5848
     60000        11.7047        27.9054
     60000    1.2363    1.8273    3.0105    1.3038    1.3866    0.0470    2.6171    2.4197    2.5813    2.7540    2.7290    1.6224    3.1050    0.2478    2.0750    2.0332    2.5780    2.4723    1.7317    1.8640    2.0580    2.1533    1.3118    1.0808    3.0058    0.7502    2.7001    1.0265    2.0034    1.1661    1.0116    0.5550    3.0840    0.5634    2.6288    0.1243    0.1447    1.2820    0.7211    2.3115    2.5458    0.0839    2.9023    0.7204    2.4476    0.0428    2.8111    0.7315    2.6519    0.1879    2.9091    1.3184    1.7117    2.2609    2.9131    2.8110    2.6946    3.0189    2.5579    3.0898    1.2374    1.3704    0.9038    2.3917    0.0855    2.5760    1.3945    2.7577    0.9547    1.6434    0.1104    1.2690    0.1726    0.9995    1.0466    0.7237    2.9363    0.4273    0.7801    0.8525    3.0735    0.7136    3.1096    2.2114    1.5451    1.7033    0.2941    1.8227    1.4393    2.9845    2.5827    0.1239    2.6150    1.6736    2.3364    2.2210    2.0645
     60000      22.089380
     70000        26.2596       -54.3637        80.6233
     70000         8.6262        20.4129
     70000    1.6300    0.9925    3.0236    0.3678    0.5660    0.5190    2.2482    2.0645    2.9180    2.4963    2.1177    1.4598    2.6080    0.9617    2.6594    1.1207    2.7209    0.4543    1.0975    0.1059    1.8719    1.2856    0.2755    1.2058    1.6678    0.2238    1.4294    0.4983    0.9928    1.1515    1.5285    0.9166    3.0059    2.9881    1.4767    2.6406    0.6662    1.5057    0.5387    1.2098    2.5426    1.3980    2.0836    0.1021    0.1216    3.1247    1.7505    0.8789    0.8614    0.1873    1.0240    0.8911    0.9174    2.4639    2.6906    2.6433    2.0409    2.2397    3.0306    1.5853    0.7148    2.0130    2.4897    2.2398    2.5371    0.6565    2.9567    3.1025    1.3451    0.6087    2.3282    0.3794    2.3728    0.0706    0.9924    0.5652    2.1565    0.3841    0.9177    0.8510    0.3765    0.8001    2.8615    1.1847    0.8731    2.1728    2.0880    1.4120    2.7014    0.8713    1.1433    1.7578    0.0847    1.2931    1.3554    1.4041    0.1559
     70000      25.945621
     80000        23.4141       -51.5617        74.9759
     80000        11.4796        26.4477
     80000    1.3696    0.9694    3.1236    0.3691    0.4373    0.6177    3.0163    2.6692    2.8308    2.0394    3.0958    0.9191    3.1223    0.4050    2.4165    2.2562    2.2481    2.3004    1.8632    1.3459    1.5807    1.8083    0.9826    0.9482    2.3656    0.1298    2.4210    0.9397    1.5906    1.1842    1.2072    0.6797    3.0636    1.7844    2.7624    0.7981    0.1566    1.4117    0.4316    2.4531    2.2214    0.1223    1.8181    0.1552    1.8979    0.1503    2.1258    0.2249    0.8826    1.1547    0.1504    0.8625    1.7564    2.2637    2.8914    2.9782    2.5431    2.8604    2.5567    2.3538    1.5309    1.8441    2.3076    0.5186    0.9656    1.5976    2.1156    2.5254    0.7596    1.1924    1.1687    0.7607    0.7671    0.6600    0.5133    0.6997    2.8265    0.3727    0.9224    0.8316    2.5350    3.0506    1.0884    2.2119    0.8262    1.3843    1.7909    1.9106    1.6616    2.0308    2.9567    0.4642    2.5201    1.8418    1.7745    1.2157    0.3819
     80000      29.841865
     90000        27.6979       -52.4696        80.1674
     90000        10.3846        28.9812
     90000    1.6907    2.3426    2.3061    1.0592    2.1167    1.8901    2.9150    2.8507    0.4618    1.2119    2.4254    0.0740    2.3514    1.4253    2.1488    2.8643    2.7093    1.0570    1.7628    1.7681    3.0528    1.3525    2.4989    0.8843    2.6162    0.8340    3.1163    2.3594    2.8575    1.5452    0.7308    1.1453    1.3662    0.8487    2.2432    0.0990    0.1875    2.9483    2.0041    2.1889    0.6568    2.1892    2.4442    0.9672    2.5563    0.3076    1.5019    1.2507    1.2742    2.0633    0.7622    1.2000    1.0143    2.7908    1.4769    3.0106    2.4252    2.1928    2.3560    3.0918    2.8306    3.0020    2.0999    1.1930    0.1928    2.3254    2.6795    1.4496    2.5558    1.3691    0.9070    2.1932    0.0300    1.4913    0.3919    0.8083    0.7617    1.8723    0.8456    1.9129    0.5874    0.3713    3.0925    1.9971    2.6327    1.8403    3.1150    0.2795    2.8954    0.0594    2.5294    1.8453    2.1286    2.6640    0.9717    0.9451    1.3612
     90000      33.742108
    100000        27.3687       -52.7641        80.1328
    100000         3.8083         6.7427
    100000    1.9626    1.9177    2.4945    1.7417    0.0752    0.2480    2.5569    2.9046    2.1158    2.7226    2.2998    0.7981    0.8842    0.5826    1.9426    0.9664    1.8152    0.8262    0.8291    1.4059    2.3582    2.5604    3.0719    2.4324    2.8912    0.1253    2.3601    0.7313    0.3214    0.0944    3.1053    0.4868    0.6674    0.4776    0.2468    0.5193    0.9663    0.2509    2.6434    2.8997    0.1389    1.5729    0.2712    0.9337    0.0206    0.6831    0.2781    0.3305    2.6983    1.2373    2.5481    0.4154    3.1154    2.3749    3.0294    1.6898    2.6736    2.7838    1.8637    0.4059    0.6089    2.5760    1.5355    1.3118    0.8866    0.0701    0.5714    0.6778    1.9364    0.1595    1.8409    1.6391    0.2258    0.0057    0.8975    2.8463    0.8736    0.8674    1.3815    0.9527    0.5620    0.1935    1.1003    2.9450    0.9945    1.9344    1.9533    1.0125    0.2305    0.1681    1.2539    0.7798    0.4292    2.0637    0.8418    1.7410    2.4376
    100000      37.654353
