# Step Wall_Time_s
         1        -2.4184        -2.4184         0.0000
         1        19.1827        65.8810
         1    1.5445    3.1416    1.5179    3.1416    1.5177    3.1416    1.5177    3.1416    1.5177    3.1416    1.5177    3.1416    1.5177    3.1416    1.5177    3.1416    1.5177    3.1416    1.5177    3.1416    1.5177    3.1416    1.5177    3.1416    1.5177    3.1416    1.5177    3.1416    1.5177    3.1416    1.5177    3.1416    1.5177    3.1416    1.5177    3.1416    1.5177    3.1416    1.5177    3.1416    1.5177    3.1416    1.5177    3.1416    1.5177    3.1416    1.5179
         1       0.001457
     10000        32.2090        -8.5498        40.7588
     10000         7.7609        18.4594
     10000    2.2346    2.8543    3.0828    1.4677    2.7928    0.8653    2.2557    2.7139    1.4363    1.3341    2.9815    0.6660    2.3306    2.2273    1.9973    0.8040    2.8881    0.4973    2.5306    1.2733    1.7993    0.5582    0.0542    2.9978    0.1578    2.8896    1.4605    1.5975    1.5417    0.9973    2.9918    0.1852    1.8168    2.8787    1.5656    2.5037    2.7908    0.4185    0.6193    0.2556    1.9037    0.3629    1.8735    1.5913    1.6539    1.2655    1.6093
     10000       0.709599
     20000        12.7568       -15.0620        27.8187
     20000        10.7151        36.0833
     20000    1.8306    2.3931    2.5288    2.7374    2.1695    0.9632    2.4768    2.7219    3.1200    1.2508    2.3928    2.5189    2.3593    1.1613    1.6066    1.0130    2.6427    1.0568    2.6797    2.6877    2.6559    2.7410    2.1552    0.6799    2.5243    0.9431    2.0656    2.0993    2.4623    2.2092    2.8207    1.9198    2.9522    1.5863    2.6266    1.8393    2.9315    1.3732    3.0293    2.4989    2.7597    1.6239    3.0196    1.9710    2.0214    2.4830    1.0561
     20000       1.481636
     30000        14.9204       -23.7615        38.6819
     30000         4.1544        14.0357
     30000    1.8968    1.4691    3.0935    1.4911    2.0404    1.0390    2.6403    0.2295    1.6538    0.8860    2.7902    0.5274    2.6187    0.4897    1.8335    1.5698    2.4757    1.8765    1.2682    0.3393    1.9424    1.1321    0.6291    2.5895    0.2801    3.0329    2.2819    0.6405    0.8744    2.9623    2.2865    0.4148    1.7355    1.7370    1.8523    1.9303    1.0566    2.4456    1.7865    1.9279    1.6556    0.0001    0.3099    2.4597    1.8911    0.7382    2.7133
     30000       2.275849
     40000        13.5187       -24.0066        37.5253
     40000         7.6093        15.0679
     40000    1.9823    1.7664    2.3123    3.0703    2.1070    1.5346    2.9945    0.8926    2.3860    1.3670    3.1060    0.2336    2.7395    0.3205    1.2254    0.4643    1.8862    3.0253    0.2634    0.2267    2.1579    1.1648    2.1437    2.1492    0.6737    2.9209    3.1142    0.7890    1.5968    2.7511    2.0778    0.9882    1.4266    2.3263    3.0422    0.5710    0.6379    3.0085    2.1753    1.5581    1.8301    1.8347    0.1894    3.0479    1.2159    0.3191    1.1220
     40000       3.129853
     50000        11.0312       -29.6436        40.6748
     50000         4.7410        14.6121
     50000    1.7786    2.9625    2.2175    1.6098    2.4451    0.9342    2.7043    1.8044    1.1514    2.2836    0.8545    3.1373    3.0270    0.2246    1.8203    2.9526    1.6968    2.4247    0.8005    3.0959    1.4018    1.4750    2.6265    0.8078    1.3255    2.0588    2.8091    2.1049    2.1147    2.1719    2.4476    0.5159    1.7130    0.7108    0.2876    0.1768    1.5897    1.6713    2.7442    2.3944    1.1156    1.7920    1.7358    2.6902    0.9647    3.0903    0.6931
     50000       4.058833
     60000        11.7936       -26.4622        38.2557
     60000         6.5889        20.0097
     60000    1.7976    2.1996    2.7671    1.2249    0.7590    2.8298    1.1187    2.9414    2.1063    1.0144    1.8988    0.5099    2.4926    0.7015    0.9571    1.5878    2.6383    0.2443    2.5146    2.8508    2.5908    0.8924    2.5332    0.1120    2.1356    2.0526    1.5653    2.0681    1.2574    2.7957    1.2321    0.2094    2.8062    2.0102    2.9449    0.8687    2.9222    0.0342    3.0490    0.0122    3.0987    0.6141    2.7186    1.3475    2.3281    2.7653    2.9625
     60000       4.982555
     70000         9.0529       -30.9452        39.9981
     70000         4.9058         9.6364
     70000    1.3028    1.5941    1.1645    1.9757    0.4515    1.0903    0.1171    2.8995    0.8054    1.8934    1.1429    2.5861    0.2900    1.5384    2.0800    2.1220    2.5471    1.4612    1.2896    2.9181    2.3074    2.6847    2.7737    1.4498    0.8715    1.4230    0.3465    2.0788    2.5939    1.4019    2.4049    0.3795    2.9087    2.8145    1.7137    0.9684    1.6309    0.0416    3.0065    1.9431    2.3111    2.2982    2.6220    2.6927    1.4480    1.3015    2.4983
     70000       5.875107
     80000         7.5156       -31.5045        39.0200
     80000         5.4313        15.4434
     80000    1.9372    2.1587    2.5301    2.5403    2.4538    1.0589    3.0417    1.8341    2.6051    1.9980    2.2499    1.2412    3.1155    0.0259    1.1354    0.7203    3.1104    2.9002    0.3703    1.8972    2.8815    2.9522    0.8133    2.7018    1.2438    1.7664    1.3467    1.9329    0.6083    2.2555    2.7054    0.3574    1.3375    2.8287    1.8769    0.7124    1.4633    1.0184    1.8338    1.2683    1.5582    1.3805    1.9816    1.2288    2.8415    2.9918    0.3011
     80000       6.843421
     90000         4.9184       -29.7648        34.6832
     90000         5.0471        10.2691
     90000    1.9634    2.0606    2.0752    2.0209    0.5955    2.5758    2.8685    0.3011    1.8211    0.8404    2.6306    0.4626    2.4870    0.2923    1.0625    2.0934    2.5038    1.4882    1.3776    0.9294    1.1985    1.2428    2.3305    2.4069    1.1513    2.9900    2.6718    0.5497    1.0295    2.8615    3.1389    0.4279    1.7969    0.0176    2.6889    1.6903    2.0585    1.8860    2.6524    0.0040    0.4936    1.8611    1.1255    1.2826    1.7392    0.6525    1.2270
     90000       7.804558
    100000         6.6300       -31.1460        37.7760
    100000         4.9019        10.2254
    100000    1.9443    1.8854    2.9066    2.2079    1.8614    0.1595    0.6171    2.9466    2.7676    1.0183    0.9755    2.1839    1.5997    2.2209    0.5854    2.2565    2.9264    0.3405    2.2181    2.6281    0.4992    0.3688    2.9419    1.4863    1.5756    2.9296    2.4192    0.3602    2.9720    3.0089    3.1041    1.0648    2.4618    2.5398    0.0423    0.9177    2.7700    0.8415    2.6953    0.9566    1.4892    1.9224    1.0069    1.6455    2.2320    0.7335    0.5300
    100000       8.773415
    110000         5.9352       -31.3680        37.3032
    110000         4.9452         2.4822
    110000    1.8728    2.1002    2.9555    0.9778    2.6137    0.8995    0.6668    2.3053    2.6375    0.5026    2.6139    1.2688    3.0225    0.1014    0.4570    2.2322    1.8016    2.9253    1.7019    2.4499    2.7386    1.2003    1.0332    1.7641    1.6597    2.0935    1.9819    0.7839    2.6689    1.9778    0.6862    1.3484    2.6868    2.1193    1.5116    1.9918    3.0085    0.0024    2.8073    0.2281    1.1861    0.9227    3.0641    1.1330    2.8326    3.0022    2.9576
    110000       9.747203
    120000         1.4655       -33.9969        35.4624
    120000         4.9257         7.9473
    120000    1.2660    1.1223    0.0514    0.6376    2.7918    1.0202    2.1346    2.8807    1.4699    1.8088    0.3368    0.3777    0.5249    2.7466    3.1198    0.9984    2.8187    0.7508    0.8091    1.5191    0.9103    2.1245    1.8872    0.7600    0.7619    2.5567    1.8304    0.6537    2.9691    2.9138    2.3827    0.3173    2.5169    2.2761    2.4996    0.7898    2.8306    1.8070    2.2950    1.8505    1.9427    2.3588    1.0703    2.9763    1.2980    2.0280    2.2275
    120000      10.729487
    130000         2.0654       -34.3918        36.4571
    130000         4.6194         8.1357
    130000    2.0242    1.2175    2.9369    0.9700    3.1358    0.7175    2.7726    2.4693    1.8876    2.3951    2.8780    1.3549    2.0690    0.8435    0.6224    1.1255    2.7304    0.6100    2.6781    0.3589    1.9375    1.2552    1.0038    0.4323    0.1519    2.5475    1.9535    1.1885    0.6188    2.0660    1.5500    0.1434    1.3562    2.5396    2.6145    0.6562    1.9230    2.5018    0.9295    3.0311    1.3453    2.3336    0.2502    2.7918    0.3531    2.1300    3.1047
    130000      11.711218
    140000        11.8220       -29.9796        41.8015
    140000         4.5023         4.8245
    140000    1.2210    3.1307    0.3252    1.4945    0.4056    1.1844    0.3946    1.8862    1.0362    0.2037    2.2383    1.1977    3.1349    0.4446    0.6612    2.2149    2.4390    1.7554    1.4635    2.1154    2.8665    0.8842    1.3738    1.5511    1.7691    2.4613    2.1139    0.9073    2.8338    1.5883    0.9196    1.2547    1.7261    1.7179    1.8936    1.7104    2.3183    0.3459    2.7607    0.9073    2.7541    1.3051    3.0204    1.9423    3.0861    0.7927    2.9541
    140000      12.657260
    150000         6.9857       -32.6965        39.6822
    150000         4.1848         5.1569
    150000    1.8288    2.6374    2.3489    1.8079    1.9229    0.5313    2.1996    1.9381    1.5316    0.2667    1.8916    1.8462    2.4217    0.3156    1.3227    2.6929    2.1394    1.9633    1.5375    2.2391    2.5152    2.2771    0.2857    2.8899    0.9075    1.8798    0.5121    1.1852    2.2785    0.6092    3.0907    0.1799    3.0147    2.3039    0.5286    2.0737    0.6071    0.9733    1.8607    2.1325    1.2672    2.0090    1.1053    3.0582    0.4372    3.0680    0.0536
    150000      13.578223
    160000         7.9456       -33.4161        41.3617
    160000         4.1979         9.3627
    160000    2.0428    1.4435    3.1263    1.0692    1.7826    1.5710    2.7151    1.0381    2.7510    3.1320    2.3564    2.2003    2.2897    1.0103    0.8673    1.2123    2.2925    0.0075    2.1343    2.3337    3.0804    2.2754    0.7052    2.0266    0.1702    2.7943    2.9266    0.3636    0.0983    2.0958    2.0827    0.6942    0.0082    2.5511    0.2920    0.2951    0.3695    1.0313    1.1734    1.2582    0.6383    1.4739    0.4018    2.8279    0.3856    2.5144    3.0964
    160000      14.520482
    170000         6.7161       -31.3840        38.1001
    170000         5.1032         7.6245
    170000    1.5568    2.9987    2.3436    0.8016    2.5839    1.8781    1.3075    2.3472    3.0077    1.2926    1.6301    0.2195    2.0496    0.4669    1.8040    2.3229    2.1026    3.0316    1.5880    2.3423    2.6246    0.9736    1.7151    1.1169    2.1429    2.3237    2.1255    0.5768    1.5705    1.1098    1.5043    2.3346    0.1044    2.2264    2.9737    0.7300    3.1413    0.0206    3.0303    0.1073    0.7676    0.1848    1.8332    0.6968    1.9921    2.1585    3.0339
    170000      15.468394
    180000         9.0662       -34.2024        43.2686
    180000         5.1729         1.5047
    180000    1.7048    2.5137    2.8065    2.6736    1.2462    2.7563    0.4637    2.9846    2.8900    0.0943    1.5043    1.8160    1.8537    0.5153    0.7244    2.6402    2.4107    1.3053    1.7923    2.2131    2.3615    2.0000    2.9737    2.6509    1.0461    2.6671    0.2052    0.9420    3.0637    1.9830    1.2645    3.0203    0.4567    2.4335    1.6740    1.8742    2.5608    0.0845    2.9625    1.9486    2.8776    1.5644    1.0948    2.9797    2.1127    3.0469    1.7710
    180000      16.413878
    190000        10.4573       -31.7631        42.2205
    190000         4.8082         1.2707
    190000    1.7882    2.7554    2.3699    2.1077    1.1740    1.7075    1.8652    1.6704    1.3641    0.1735    2.4565    1.3490    2.2240    0.4964    1.0945    3.0688    2.3293    1.6877    1.8515    2.1368    2.7893    2.7718    0.9235    1.9780    0.8838    2.8834    1.3038    0.7539    3.0062    2.6909    0.2062    1.8785    1.3929    2.8367    1.7754    2.2564    2.1093    0.4609    2.5309    1.7679    3.0657    1.1840    0.7895    3.0550    1.8294    2.6968    1.4563
    190000      17.364464
    200000        13.5889       -30.9471        44.5360
    200000         5.2597        16.8721
    200000    1.9115    2.4172    2.4383    0.7626    2.3085    1.3446    2.8200    2.9015    2.8941    0.3402    1.0674    0.1421    2.3011    0.8400    0.3223    2.5463    2.9837    1.4780    1.9704    2.3952    2.4118    0.3408    2.4407    0.0936    2.6426    2.8271    0.6431    2.3702    0.9887    1.1871    2.4607    0.2043    2.3733    2.1350    2.0933    0.0520    1.8538    0.2660    2.3146    1.4442    1.8381    0.2289    2.8585    0.4024    2.9301    2.8774    2.6610
    200000      18.304220
    210000         8.6635       -33.9997        42.6632
    210000         4.2621         6.2851
    210000    1.4735    1.7565    0.2626    2.5214    2.6837    1.4694    2.2456    1.5932    1.2942    2.9905    2.4283    0.8419    2.8027    0.6371    1.5123    1.1056    2.0222    2.2299    0.9785    0.0461    1.5828    1.3950    2.9145    1.8070    1.1611    3.0391    2.6086    0.2937    1.4275    2.6254    1.8810    0.3493    1.4652    1.0688    2.2942    1.0544    1.9134    1.1879    1.1261    1.6003    1.6575    2.7864    0.6334    1.2341    1.3309    2.6090    1.9942
    210000      19.254462
    220000         7.1422       -29.4266        36.5688
    220000         4.9631        14.8254
    220000    1.7331    2.4375    2.6191    2.3603    3.1000    0.2016    2.7677    3.0685    1.8077    2.7249    2.1879    2.7360    2.4969    0.2747    1.1726    2.8437    1.7777    1.9877    1.3620    2.5625    2.4441    2.3416    0.4679    1.7383    1.4177    1.8883    2.3076    2.6253    2.3330    0.9061    2.8071    0.6213    2.2454    2.8409    1.1163    0.2842    0.8969    0.2586    1.0040    2.0856    1.1495    1.4628    0.7253    2.4122    2.7434    0.9682    1.3071
    220000      20.188131
    230000         3.6084       -32.7273        36.3357
    230000         5.6940         4.1448
    230000    1.9344    1.7267    2.8772    2.6212    2.5676    1.4662    2.3821    2.6879    1.4217    0.0542    1.6213    2.9509    2.3613    1.2668    0.9580    2.5275    2.1773    1.4127    0.2672    2.8497    1.8918    2.2173    2.6566    0.8468    2.4117    2.1066    2.6332    2.8412    2.9154    1.1944    2.3291    1.7913    2.5999    1.5241    1.3573    2.8368    0.8274    0.3160    2.6926    3.0888    2.7725    2.4274    2.2186    2.9234    0.3575    1.9174    0.4536
    230000      21.125488
    240000        10.5056       -29.0653        39.5709
    240000         6.0571         7.8764
    240000    1.9741    1.7620    3.0670    2.1449    2.8006    1.9667    2.5216    3.0631    2.0446    0.6809    1.1135    0.3754    2.4104    1.6089    0.9738    1.9993    1.7952    1.2965    0.3781    1.8259    1.9618    0.0417    2.8207    0.9350    2.2602    3.0630    1.0400    2.3235    2.9641    0.7622    2.9502    1.2584    2.7709    2.4236    1.8842    0.7151    2.6653    1.1068    2.8152    0.9132    3.0401    1.1729    3.0116    1.1234    2.2257    2.9340    0.8537
    240000      22.051172
    250000         7.8728       -25.8583        33.7311
    250000         5.6242         2.3055
    250000    1.9927    1.4757    2.6248    3.0273    1.7357    1.7946    2.8477    2.2948    2.4316    2.7707    1.4762    1.3509    1.7350    2.7298    0.6170    2.6299    2.4367    1.1722    1.5199    2.5178    2.1681    2.4385    2.2112    1.5996    0.6266    1.7225    0.0863    2.8938    2.9902    0.0753    2.9833    3.1061    2.9437    2.1716    3.0866    2.0278    2.6352    0.4373    2.9288    2.1986    2.8230    1.5547    2.4871    2.6270    0.5948    3.0307    0.3400
    250000      22.979338
    260000         6.7287       -24.3692        31.0980
    260000         6.1456         6.4804
    260000    1.7626    2.3204    2.4576    3.0415    1.1772    1.3594    2.5417    2.3091    2.8136    1.7046    0.5580    3.0170    2.2229    0.2268    0.5263    2.5523    1.9827    1.7717    1.3696    2.6137    3.0846    2.6990    2.3256    3.1020    1.1061    2.1923    1.3483    2.0766    2.8418    1.2266    2.3373    3.0972    2.1378    1.8199    0.1581    2.4083    2.0509    0.4678    2.7104    2.7467    2.3700    2.4899    1.7267    2.9009    1.8177    2.7596    2.1936
    260000      23.904371
    270000         9.7900       -24.8144        34.6044
    270000         5.7977         4.2182
    270000    1.9120    1.5382    2.4528    2.0359    2.0398    0.7281    2.6254    0.9506    1.2128    0.0971    1.2073    0.8152    3.1045    2.6170    0.9423    2.2996    2.4975    1.4210    3.0826    2.7620    1.1784    2.4119    0.3112    1.6757    2.7984    1.8103    0.2987    3.0697    2.5153    0.4015    2.7232    3.0192    0.3547    2.0958    2.2674    2.8611    1.7701    0.8932    2.0637    2.3113    2.6120    2.0154    1.6528    3.0571    0.1240    2.5570    0.1549
    270000      24.828127
    280000         9.9576       -33.3357        43.2933
    280000         4.4851        12.0400
    280000    1.9145    1.9874    2.7324    1.5954    2.7792    0.5351    2.8335    1.1461    3.0029    2.1398    3.1227    0.4275    2.9286    0.2813    0.4840    0.9092    1.8959    2.9018    1.1739    1.2190    0.0877    2.8524    0.7124    2.5600    1.2641    2.6261    1.5014    0.4339    0.9432    2.1696    2.7402    0.1035    1.2785    1.3096    0.9602    0.8822    1.6624    0.5873    0.2908    0.6189    1.6238    0.8879    0.5498    1.8536    0.8291    3.1245    2.9102
    280000      25.761699
    290000         9.6468       -26.4099        36.0567
    290000         5.1199        15.4728
    290000    1.9290    1.9316    2.7990    2.1254    2.0801    1.0996    2.9851    2.9707    2.4893    0.3023    0.5245    0.2938    2.0350    0.8542    1.8580    2.2179    3.0022    1.5327    2.4875    2.5961    0.4333    2.6601    1.1536    1.0705    3.1351    1.2738    2.9620    2.9902    1.9534    1.2136    3.0770    0.3605    2.8506    0.4295    0.1617    0.3290    2.0266    3.1238    1.0206    0.6274    2.8018    0.5865    2.5558    1.1692    1.7306    2.2391    1.6290
    290000      26.699224
    300000         3.5979       -30.6112        34.2092
    300000         4.9203         2.1791
    300000    1.9196    1.9651    2.7890    1.9357    3.0545    0.7866    2.4772    2.5775    1.4297    0.1667    1.7003    2.2722    2.3700    0.8967    1.1869    2.3747    1.9852    1.6831    2.3663    2.1552    2.1996    2.4024    0.2442    1.0364    2.8945    0.0493    1.8709    3.0849    2.3190    1.4220    2.3450    0.2434    2.1131    1.0074    0.7156    1.2968    1.6740    0.9733    2.0630    1.0113    2.9444    0.3034    2.3467    2.3119    1.3123    2.1432    1.5013
    300000      27.624850
    310000         5.8402       -32.7119        38.5520
    310000         5.2255         2.0092
    310000    1.8128    2.1689    2.6755    2.8072    1.6699    1.7391    1.6069    2.5010    1.7476    0.4713    0.8116    2.7947    2.4397    0.6137    1.0792    3.0566    1.9051    2.1665    1.4900    2.4639    3.0039    2.5932    1.6929    2.6607    0.2484    1.8203    1.8869    2.6834    3.0651    1.0917    2.3352    1.5289    2.9012    2.9534    1.7884    1.9549    1.9015    0.5233    2.4233    1.0911    2.8735    0.4484    2.2717    3.0024    1.2551    2.7756    0.9540
    310000      28.588918
    320000         1.3706       -34.8200        36.1906
    320000         5.5555         1.7103
    320000    1.9569    1.5882    2.5851    2.1749    2.9625    0.5790    2.2648    2.7071    2.1671    0.0513    1.1969    2.7542    2.5135    2.7276    0.9946    2.4541    2.4729    1.5636    2.9080    2.3872    1.3061    3.0451    2.3765    1.1275    0.6950    1.8580    0.0289    2.8045    3.0602    1.2168    2.4966    2.9405    1.9099    2.7390    1.4949    2.7943    2.4273    0.9799    2.6182    1.5996    2.9195    0.8545    2.5650    2.4195    1.2108    3.0348    0.6662
    320000      29.540840
    330000         6.2446       -34.4813        40.7259
    330000         5.4537         2.1049
    330000    1.9320    1.9037    2.6881    2.8505    1.7517    1.7619    1.8251    3.1239    2.1287    0.3429    0.7432    3.0739    1.0503    0.1320    0.4791    3.0870    2.2238    1.5952    2.3904    2.1218    2.4982    2.5913    2.0714    2.3543    0.3753    1.0077    1.8331    2.6402    3.1150    1.0383    2.1129    2.8208    0.7257    2.8243    1.5909    1.8655    2.0429    0.3346    2.6008    1.2889    3.1227    0.4417    2.4507    2.7988    1.1783    3.1414    0.6391
    330000      30.493938
    340000         8.8118       -32.8660        41.6779
    340000         5.5012         4.4228
    340000    1.8077    2.6532    2.3350    2.9245    1.1975    2.0947    1.7610    2.6792    2.7220    0.3022    1.8107    1.5866    2.5598    0.3185    0.2897    2.2938    1.6630    1.9880    1.6755    2.2220    2.7922    1.8941    0.3412    2.4986    1.7779    2.7453    1.8827    0.4223    2.5240    0.0568    2.4411    2.4696    0.1876    2.6672    1.7952    1.1233    3.0092    0.1789    2.8887    0.3195    1.6148    0.1966    2.0197    2.4121    2.9309    2.6110    2.6341
    340000      31.450809
    350000         9.3311       -31.0205        40.3516
    350000         4.6097         6.7031
    350000    2.0211    1.2403    2.7150    0.4888    3.0955    0.3195    3.0600    2.6015    1.7125    2.8673    1.8570    1.0952    2.1039    2.6873    2.2375    1.5116    2.4417    1.1307    2.2397    1.3560    0.8908    0.0297    1.7924    0.3733    1.1136    3.1278    2.7848    0.1573    2.1270    2.8514    2.9028    0.5705    2.1255    1.4967    1.2109    2.2702    2.4586    1.2529    1.9504    0.1940    0.7981    2.3050    0.8143    0.2240    1.3955    1.1135    1.0665
    350000      32.398734
    360000         4.9018       -34.2837        39.1855
    360000         4.4465         4.8947
    360000    2.0314    1.1274    2.7663    0.5273    3.0444    0.4062    3.0485    2.8915    1.5674    2.6661    1.5587    1.2310    2.0904    2.9988    0.7947    1.6179    2.5965    1.0743    1.9822    1.5640    0.9285    0.2847    1.7758    0.1638    1.1406    3.1089    2.9966    0.2305    2.9280    2.5211    3.0085    0.7229    2.4616    1.7713    1.3719    2.4283    2.7275    2.0714    2.9020    0.0211    1.0221    2.3994    0.8544    0.7510    1.7310    1.7642    0.5227
    360000      33.328051
    370000         7.2787       -31.4008        38.6794
    370000         4.9147         7.3702
    370000    2.0049    1.4049    2.9581    1.3252    3.0305    1.0313    3.1017    2.4722    1.9599    2.9399    2.1871    1.0104    2.1924    2.9098    2.3950    1.2749    2.6588    0.9250    2.7387    1.4543    0.5151    0.1542    1.7277    0.2842    1.0237    2.8538    3.0470    0.1912    2.1023    3.1063    2.8582    0.3852    2.0778    2.2462    0.6082    2.3526    2.7009    1.4366    2.2328    0.2436    0.9128    2.4701    0.7307    0.5214    0.6547    1.5201    1.4124
    370000      34.264059
    380000         7.9695       -32.0447        40.0142
    380000         4.4172         5.9278
    380000    2.0130    1.1772    2.9205    1.1197    3.1176    1.1603    2.7341    1.8755    2.8776    2.0553    2.8687    0.1982    2.2984    2.8367    0.3653    2.3709    2.6754    0.9470    1.7692    2.1637    0.7925    0.1185    1.9667    0.3816    1.2678    3.0688    2.9446    0.4545    3.0028    2.1786    2.5795    0.8919    2.3698    1.9325    1.3617    2.0848    3.0730    1.0503    2.8086    0.1192    1.0325    0.5299    2.6048    0.6352    1.4454    1.9859    0.3564
    380000      35.194896
    390000        12.0014       -29.7819        41.7833
    390000         4.0139         5.5487
    390000    1.5118    2.3087    3.0109    2.0310    2.6897    0.9141    2.9884    2.7905    1.7641    0.3116    1.4150    2.9528    2.2440    2.6632    0.6846    0.1005    3.1127    1.0195    0.1308    2.6018    2.1722    1.2170    1.9268    0.9112    3.0673    3.0239    0.4958    2.6404    0.7863    1.7168    1.7759    0.6693    2.3109    2.2299    0.5580    0.0969    1.1756    0.7330    1.5754    0.4293    1.8616    0.8813    1.6169    1.8910    1.9027    2.8563    1.1658
    390000      36.117720
    400000        12.1249       -25.8819        38.0069
    400000         5.6169         6.0067
    400000    2.0052    1.3134    2.6691    0.8763    3.0322    1.9781    2.8891    3.0299    2.4746    2.7637    2.1104    0.0468    1.3509    2.7849    0.2659    2.9246    2.9078    0.6614    1.2485    2.3871    0.2689    0.3283    1.5851    0.1218    1.0456    2.9645    2.5406    0.8024    3.0720    2.7136    2.8993    0.3782    3.0204    2.1940    0.8332    2.5276    2.6653    2.9080    3.1092    0.9204    0.0496    3.0611    1.6733    1.3151    0.8607    2.1694    0.0914
    400000      37.047266
    410000        17.7895       -25.4669        43.2564
    410000         4.7388         7.3883
    410000    2.0116    1.3030    3.0346    1.4380    1.9451    2.5175    2.2070    1.9561    2.2539    0.9800    2.7183    0.4401    1.9280    2.2119    1.2877    1.3368    3.1368    0.0560    1.2643    2.0344    0.6655    0.1272    2.2969    0.8000    1.1781    3.0194    3.0308    0.5728    3.0975    2.7862    3.0157    0.4460    3.1109    1.4008    0.8875    1.8531    2.8956    1.5406    2.9414    0.0655    1.1046    0.7524    1.0430    1.0557    1.1977    0.5352    0.3493
    410000      37.979136
    420000        13.0903       -20.7002        33.7904
    420000         4.8294         6.3696
    420000    2.0666    1.5597    2.9823    1.3323    3.1311    0.7695    3.0722    2.6155    1.7511    3.1094    2.5615    0.9227    2.4442    2.9657    2.8518    0.6264    2.6301    0.5047    2.8399    0.0077    2.0920    0.7071    0.1057    0.0284    0.1516    3.0549    2.6214    0.7078    0.0246    1.7733    0.8012    0.3164    2.3990    3.1381    2.7708    0.1010    2.9943    0.7205    1.8878    0.2275    0.3515    0.0417    2.4239    0.0296    1.4580    1.9598    0.9410
    420000      38.872741
    430000        12.6031       -23.7408        36.3439
    430000         6.1213        13.5457
    430000    1.7933    2.9198    2.3561    2.3514    3.0068    0.2526    2.7604    1.4243    2.6720    2.7459    2.2263    0.2393    2.3798    1.1589    1.6173    1.1728    2.9612    0.4498    3.1253    0.8948    0.0177    1.8718    0.8834    1.9932    1.2610    1.9111    2.3813    2.1261    1.3025    2.8681    2.1831    0.4598    2.3458    1.9761    0.3581    2.0562    2.0626    0.7896    1.6559    0.4945    2.4113    0.4832    1.1887    2.6933    2.5314    0.9127    2.7986
    430000      39.778683
    440000         5.8438       -25.0771        30.9209
    440000         4.6256         8.2678
    440000    2.0259    1.8428    2.4530    2.3557    2.4499    1.1777    2.5081    1.1620    2.3643    1.4506    3.1395    0.0190    2.3474    2.4846    0.5262    2.7726    2.4105    1.4696    1.2558    1.4891    0.3699    0.3497    1.6095    1.5965    0.8492    2.8793    2.0830    0.2373    0.2046    2.4010    2.4147    0.7704    2.5634    2.6754    2.6113    1.3019    2.5096    0.8124    0.8172    0.2433    0.8305    0.7236    0.9403    0.7657    2.3555    2.8040    0.1920
    440000      40.693305
    450000         1.8476       -28.7928        30.6405
    450000         4.6228         9.2356
    450000    2.0887    1.8140    2.5025    1.9662    3.0199    0.3404    2.7807    1.2360    3.0544    2.7184    2.9482    0.3590    2.5875    2.6312    0.3400    2.1854    2.3688    1.3292    2.2909    1.1078    0.1392    0.5723    0.8509    1.3935    0.6408    3.0827    1.6413    0.2575    0.7971    2.2342    1.6270    0.7826    2.3668    3.0006    2.5677    0.0525    3.0844    0.1881    0.2744    0.0563    0.5918    0.0821    0.9002    0.9089    2.0247    2.6335    0.1869
    450000      41.621912
    460000         6.2999       -24.0375        30.3373
    460000         4.7691        10.5060
    460000    2.0996    1.9984    2.5444    2.0878    2.9781    0.4326    2.8165    1.0433    2.9948    2.3945    2.9202    0.1808    2.8313    0.4589    0.6918    0.5793    2.5034    0.5378    2.9439    0.7407    0.1450    0.7611    0.7885    1.8117    1.0543    2.2577    0.5458    1.0184    0.6782    2.2692    1.7492    0.6505    1.1218    2.2139    0.6138    1.7665    2.5085    0.0672    0.6037    0.0672    1.4920    0.3878    1.4931    1.3492    2.2876    1.9995    0.4440
    460000      42.566416
    470000        12.5392       -24.6807        37.2199
    470000         4.7487        13.4471
    470000    1.9723    2.9437    2.4978    2.2252    2.7338    0.2215    2.7003    1.3076    3.0110    2.7367    3.0575    0.3860    3.0295    0.1230    0.5105    0.4315    2.6670    0.5867    2.2371    0.3380    0.6451    1.4308    0.6977    2.3022    1.2556    2.0230    2.1890    1.5715    0.8977    2.1320    1.8864    0.7277    1.7958    3.0988    1.4391    1.8145    0.8149    0.2964    0.6468    0.1318    0.6735    0.1398    0.6394    1.5201    2.6894    1.0578    0.5761
    470000      43.502613
    480000         5.6897       -28.0680        33.7576
    480000         4.7651        10.6272
    480000    2.0573    2.1741    2.2367    2.3205    1.8811    1.0246    2.6234    0.8133    1.6864    0.9356    2.8338    0.1079    2.6127    0.6289    2.0881    2.0003    2.5008    1.7709    1.1413    0.4844    0.9835    0.6733    1.3522    2.1950    0.7757    3.0799    1.0160    0.4609    0.8613    3.0473    1.9194    0.7654    1.7055    2.7599    2.3756    2.2559    2.2359    0.1110    0.1988    0.1346    0.9760    0.1408    1.8054    1.0279    2.5414    1.9015    1.0039
    480000      44.441199
    490000        12.5454       -27.5408        40.0862
    490000         5.2999        13.6522
    490000    1.5068    1.1127    1.0204    0.7407    0.9728    2.5095    0.7818    2.9559    1.7174    0.0894    1.2562    2.2989    1.1003    0.2608    0.8970    2.2935    2.2711    1.4760    2.0573    2.3331    1.7300    2.7016    1.7159    0.1921    3.1361    1.0408    2.7701    2.6928    2.7868    0.8783    3.1137    2.3367    2.5440    2.6668    1.6533    1.9896    2.4188    3.0307    1.8535    3.1004    2.2511    3.1398    1.8575    3.1346    1.7312    2.9251    1.6072
    490000      45.360286
    500000        17.3688       -26.4323        43.8012
    500000         4.5177         9.9067
    500000    1.3945    1.8991    0.5926    0.6511    0.3526    2.9012    1.4018    2.8389    1.7441    0.1773    1.0149    2.3148    1.1405    0.1078    0.4976    2.5445    2.1216    1.6309    1.8145    2.4697    2.1222    2.2592    1.7436    0.6039    2.6577    1.0769    2.3478    3.0736    3.1187    1.0197    2.9414    1.1490    2.9185    2.5918    1.2198    1.6694    0.8915    1.7092    1.3487    1.0199    1.5444    0.3692    1.7599    2.4573    2.6857    1.8609    0.7236
    500000      46.271475
    510000        18.3669       -26.9736        45.3405
    510000         4.8930        10.9669
    510000    1.1596    1.9400    2.8103    0.7794    1.6414    2.6938    2.9888    2.7282    1.5619    1.3719    0.5214    1.2665    2.2297    0.9669    0.8636    1.0577    2.6102    0.8445    2.9435    1.2711    0.0173    2.2187    1.2065    0.6937    2.4828    1.6814    2.7129    2.6750    1.4321    1.5447    2.5529    0.5429    2.1316    0.5318    1.4281    0.3145    2.8581    2.9487    2.1448    1.3517    3.0278    1.6435    1.8254    1.9815    2.3587    1.5930    1.3880
    510000      47.167935
    520000        19.1392       -20.8761        40.0153
    520000         6.1669        11.2481
    520000    1.9830    1.7247    2.5479    1.2388    1.8159    1.3721    3.0084    0.2490    1.8476    0.9922    2.5377    0.7190    1.6286    0.5428    2.2023    2.3704    2.6472    0.7804    0.0672    2.8724    0.5510    0.3015    2.7730    1.0019    1.2282    2.9775    2.9226    0.7239    2.1961    1.8544    2.7876    0.5697    2.2149    2.5773    2.0005    0.6230    2.3130    1.5769    3.0939    0.6869    2.3347    0.5992    2.8819    0.7686    2.4519    2.9657    0.7285
    520000      48.084103
    530000        10.6247       -25.6978        36.3225
    530000         5.2318        13.6901
    530000    1.3062    2.1519    2.6562    1.8817    2.8292    2.7157    2.9354    3.0897    2.5225    1.1147    0.3167    2.9024    2.1770    3.0399    1.1145    1.4598    2.6824    0.7876    2.5973    2.2144    0.3949    2.4456    1.0556    0.8265    2.8372    2.6453    0.7295    3.0320    1.6410    2.1995    2.1933    1.0063    3.0301    0.1713    0.6789    0.7798    1.2535    1.1106    1.1452    1.7689    0.5246    1.9313    1.5049    1.9748    2.3429    2.0045    3.0567
    530000      48.993616
    540000         7.5263       -28.4122        35.9385
    540000         5.6093         6.1888
    540000    1.2034    2.7508    0.0503    0.1542    1.0561    2.7248    0.6379    2.9763    2.4641    1.3055    2.4956    0.8052    2.8316    0.3643    2.5443    2.0034    1.9305    2.4669    1.8196    2.6406    2.2229    3.1244    1.9081    2.6046    0.7761    2.7209    1.1668    0.3043    2.2278    1.5838    1.9742    1.4800    2.7651    2.3575    2.6059    1.8714    3.0797    0.1912    2.9603    1.2270    0.6910    0.4859    2.7570    1.9182    3.0796    3.0297    2.2850
    540000      49.918769
    550000        18.3956       -22.5104        40.9060
    550000         4.8894        11.5538
    550000    1.6067    2.6958    2.2975    1.9609    0.5752    1.1778    2.2094    2.5689    2.6975    2.5008    2.2127    2.1432    1.8381    0.6372    1.0908    1.4396    2.6885    0.7680    0.7829    1.1297    1.9057    1.0872    0.2431    2.7110    2.1849    0.7514    1.7729    2.0123    0.6126    2.3171    2.5464    0.5479    2.6012    0.6299    2.1440    2.2820    1.6218    0.7624    1.3861    1.7789    1.6062    2.7210    1.1721    2.3139    2.9580    2.7957    1.7216
    550000      50.851599
    560000        13.1576       -22.2893        35.4469
    560000         5.5826        13.7883
    560000    1.9435    2.7205    2.7953    0.3924    2.5247    2.0460    3.0832    2.8576    3.0733    0.6473    0.6243    2.8101    2.2952    2.4135    1.2556    1.0176    2.8641    0.6517    2.6241    2.4365    1.0239    1.3327    1.0856    1.0161    2.6973    2.5929    1.0897    2.7691    1.8220    2.7297    1.9524    1.2232    3.1126    0.2109    1.7775    0.1496    2.6092    1.1412    1.7842    2.7631    2.0538    2.7795    1.5100    3.0157    1.3086    2.5358    2.8134
    560000      51.780865
    570000        16.1744       -26.3669        42.5413
    570000         5.3201        13.4702
    570000    1.3222    2.9158    2.7927    0.1268    1.3324    1.2362    0.4719    1.7556    1.2730    0.7510    1.5570    1.8519    2.1292    0.0243    1.4284    2.4414    0.8178    3.0545    1.1793    2.8001    3.0115    1.0575    1.7012    0.7698    3.1313    2.7452    1.3457    0.2736    2.1903    0.1262    3.0930    1.1713    2.3540    2.9530    2.0908    0.5944    0.0941    2.6035    2.3289    0.5501    1.8113    0.0783    1.6688    2.2283    2.4259    0.8938    3.0516
    570000      52.704994
    580000        10.5032       -30.1123        40.6154
    580000         5.1064         3.1589
    580000    1.8147    1.7776    2.8897    2.7432    1.9046    3.0271    1.8613    2.0186    1.2719    2.4388    1.2286    3.0416    1.3869    0.1238    0.2701    2.4400    2.1305    1.3962    2.5993    2.7935    1.1174    3.0585    1.2594    0.1591    1.9583    0.5619    1.3860    2.8176    2.2575    0.8799    3.0574    0.8621    2.7676    1.7055    2.5983    2.3428    2.0456    0.9094    1.4446    2.6887    1.7147    2.5141    1.6923    2.9099    1.2922    2.7903    2.5694
    580000      53.649144
    590000         9.7359       -27.7647        37.5006
    590000         3.9261         9.6358
    590000    2.0440    1.9610    2.3060    2.4536    1.6012    1.7968    2.8474    2.2745    1.7713    0.6575    2.2631    1.3289    2.4524    0.5511    0.1731    1.5405    2.6673    1.5005    1.7395    1.1539    0.8287    0.7048    0.7698    1.2969    0.4356    2.2422    2.2362    0.4654    0.0516    2.2746    2.2648    0.4458    0.6185    2.4627    0.6531    0.8287    0.8183    0.9074    1.8315    0.0070    2.3768    0.2965    1.0112    0.4672    2.3975    2.6873    0.4169
    590000      54.600383
    600000         6.7541       -28.0099        34.7639
    600000         4.2101         7.4719
    600000    2.0459    1.9240    2.3011    2.0480    2.8804    0.0095    2.7908    1.8940    2.1615    2.8180    2.8515    0.9421    2.6168    2.4124    2.2190    1.4238    2.7175    0.6616    2.8152    0.1402    0.9497    0.3536    0.7432    0.8733    0.3513    2.6893    2.4524    0.2710    0.3340    2.1192    1.7428    0.4336    1.0901    2.7662    2.8307    0.1752    3.1025    0.9772    0.6580    0.5799    0.2065    0.2170    1.8239    0.2427    0.2176    2.6957    0.8208
    600000      55.548392
    610000         7.5732       -27.1832        34.7564
    610000         4.8663        13.0565
    610000    2.0353    2.3902    2.2804    2.5436    2.0171    1.3535    2.8079    1.5324    2.6813    2.6897    2.9224    0.7620    2.8391    0.2875    0.0732    1.2290    2.4727    2.1650    1.0121    1.8041    1.2103    0.8646    1.2730    2.1178    1.1143    1.9578    0.0646    0.5927    0.5044    2.1195    2.5046    0.5751    0.2051    2.0799    1.0813    0.8297    1.0238    0.7655    0.5361    0.6507    1.0857    0.1446    2.7164    1.2653    0.0374    1.5168    0.9156
    610000      56.486242
    620000        12.5482       -28.6638        41.2120
    620000         4.5879         9.1692
    620000    2.0928    1.9394    2.5429    2.0627    2.7920    0.6986    2.7790    2.4165    2.1608    1.7877    2.8085    1.3122    2.7688    2.0257    2.0701    1.2329    2.6990    1.6606    2.5517    1.9068    0.9345    0.3951    0.3998    0.9569    1.0737    2.7674    0.8816    0.3145    0.4476    1.9795    1.7888    0.4036    1.3591    2.9515    2.7049    0.4557    2.9404    1.0624    0.6959    0.9638    0.1418    0.0620    2.7024    0.0286    2.9097    0.2877    0.8827
    620000      57.434982
    630000         8.1912       -29.4592        37.6504
    630000         5.2103        13.9777
    630000    1.9193    1.4974    3.0545    2.1316    2.9697    2.7690    2.6865    2.3341    2.1667    1.6628    0.5446    1.5112    2.7323    2.2034    1.1285    1.8108    2.7552    1.3222    2.7811    2.4845    0.0372    2.7949    1.0809    1.0044    2.7283    1.8844    0.1117    3.1342    1.6873    1.9983    2.8830    0.7112    2.9070    0.6982    2.1671    0.3514    2.3496    1.3229    1.5428    2.9952    1.8848    3.0020    1.1882    2.9520    0.4668    2.6955    0.4584
    630000      58.373224
    640000         7.8691       -27.5928        35.4619
    640000         5.3071        14.7274
    640000    1.8930    1.6970    3.0747    2.7925    2.9590    1.8243    3.0114    2.5512    2.6045    0.7016    1.1570    1.0415    2.6519    1.6923    1.0894    1.1492    2.9759    1.4168    1.9067    2.3741    0.7599    1.3664    1.8899    0.9567    2.7124    2.6850    0.7766    2.4261    1.6375    1.4390    2.5363    0.6562    3.0148    0.1063    1.4697    0.1740    2.4558    1.2569    1.5775    2.8459    1.9937    2.3194    1.7351    2.7477    1.0093    3.0740    2.6868
    640000      59.298751
    650000         6.3693       -30.1886        36.5579
    650000         4.3735        11.4649
    650000    1.8130    2.0145    2.8355    2.5276    2.9147    1.4618    2.5179    2.6033    2.4295    1.3895    1.5547    0.5650    2.4300    0.1216    0.2828    1.0551    2.9168    0.0032    2.6501    0.6220    1.3915    2.5347    0.9875    1.2617    2.5112    0.9871    2.7167    2.0120    1.3274    1.9031    2.3719    0.7594    1.4194    2.1066    1.1120    0.4355    1.0809    0.3141    0.1444    1.9454    0.1735    1.4688    0.6649    0.7669    1.5812    2.8845    3.0692
    650000      60.234271
    660000         4.4020       -30.6047        35.0066
    660000         4.5138        12.2595
    660000    1.9490    1.5607    2.8979    2.7008    2.6668    1.5642    2.5660    2.6667    2.3474    1.3294    1.3451    1.0471    2.6377    1.6179    1.1290    0.5412    3.0342    0.8457    1.8616    2.0554    1.0052    1.6554    1.7958    0.9309    2.9490    2.7678    0.7939    2.3475    1.5842    2.0957    2.9657    0.2579    2.7147    0.4257    1.2305    0.1861    2.4894    0.8185    2.3467    1.9657    2.1696    2.9470    0.5676    1.9428    0.4639    0.7237    2.0628
    660000      61.174206
    670000         7.1271       -31.9079        39.0351
    670000         4.5856        12.4632
    670000    1.9414    1.5828    2.8644    2.6451    2.8967    1.5177    2.6833    2.6573    2.6768    0.6527    0.8846    1.1538    2.5080    1.2020    1.1256    1.1659    1.8720    2.4602    1.8829    1.8031    0.9879    1.7419    1.7070    0.8623    2.9498    2.8008    0.5705    2.7392    1.5123    1.6854    3.0637    0.1849    2.5230    0.6067    0.8491    0.2870    1.9040    0.7484    2.3356    2.0088    2.4853    2.3163    1.0364    2.3241    0.3668    2.5407    0.6195
    670000      62.112507
    680000         5.8487       -30.4679        36.3166
    680000         4.0801         9.4755
    680000    2.0830    1.9743    2.9217    1.6146    3.1260    0.2816    2.9483    2.8746    1.4361    0.8661    3.0787    1.7898    2.7192    1.6031    1.5381    1.6275    2.5546    1.3323    2.3943    1.1326    1.0261    0.4662    0.4467    0.2563    1.2617    1.8741    1.7548    2.2951    1.1488    2.9568    2.9467    0.3280    1.4851    2.9967    1.9167    0.9551    1.9766    1.2948    0.3191    1.0843    2.9037    0.0610    1.6222    0.3261    2.7158    0.0861    2.1244
    680000      63.064212
    690000         2.4637       -30.5355        32.9992
    690000         5.2009         4.6952
    690000    2.0874    1.2253    2.7392    0.5139    3.0790    0.0729    2.9965    2.5642    1.5746    2.7007    1.5542    1.0644    1.8401    2.8382    1.8869    1.7767    3.1117    0.8577    1.8030    2.1891    0.1791    0.1405    1.1997    0.2309    0.4823    2.5462    2.5688    0.5584    2.9656    2.0357    2.6594    0.2424    2.2128    2.9074    2.0882    0.2823    3.1044    1.5262    2.7026    1.1703    3.0300    0.6439    1.8993    0.9804    2.4651    0.1573    0.2726
    690000      64.020679
    700000         6.3491       -30.0442        36.3933
    700000         4.6985        11.1532
    700000    1.2711    2.0308    2.7146    2.2131    2.6692    2.5104    3.0814    2.8725    2.9953    0.2358    0.4115    1.1284    2.7079    1.3719    1.5620    1.6849    2.6336    1.6902    1.5612    2.9906    0.7620    2.0327    1.2559    1.0048    2.8740    2.8041    0.7196    2.7183    1.4471    2.0522    2.8737    0.2589    3.0053    0.4458    1.2115    0.0412    2.4855    1.3861    1.5256    2.2991    2.6525    1.9854    0.8170    2.5472    0.5896    0.8527    1.6941
    700000      64.973996
    710000         3.8874       -30.1686        34.0560
    710000         5.8675         2.0902
    710000    2.0243    1.4485    2.7626    2.2863    1.9225    3.1007    1.9946    3.1249    2.2453    0.0339    1.0688    2.1814    1.6952    1.6455    0.4292    2.8207    2.4032    1.6365    2.7238    2.6461    1.6898    2.7159    1.8625    1.2467    0.4360    1.5803    0.1976    3.0663    2.7016    0.9318    2.7680    2.4690    2.6997    2.2441    2.7614    2.6216    2.1593    0.9362    2.3777    2.9714    2.2643    2.5304    2.1871    3.0321    1.1114    3.0998    0.9503
    710000      65.923132
    720000         3.2818       -29.6912        32.9730
    720000         4.5949         9.9873
    720000    2.0679    1.8533    3.0153    1.5575    2.9856    0.5489    2.7929    1.9633    2.1468    2.6256    2.8876    1.0841    2.3852    0.4554    0.2475    0.9966    2.5428    1.1252    2.5121    1.4086    0.0176    0.2362    1.4875    0.7475    0.8498    2.0788    2.0600    0.6388    0.4256    2.4500    1.7926    0.5572    1.0198    2.1221    1.4400    0.8936    2.1905    1.0409    1.2113    0.0479    1.2970    0.5261    0.2042    1.9857    0.1769    1.5540    1.6093
    720000      66.861824
    730000         4.8259       -32.4697        37.2956
    730000         4.6487         3.2251
    730000    1.3098    1.9688    2.9758    1.4135    2.9355    3.1113    2.6126    2.7162    1.6426    0.1530    0.6875    1.5566    3.0299    1.6258    0.8788    0.1470    2.8532    0.3820    2.4284    2.1244    0.7377    0.1575    2.9979    1.0722    2.9096    3.0754    1.6560    2.9608    2.1004    1.8618    0.1954    1.6560    1.9101    0.6628    1.3569    0.3033    2.7925    0.5029    3.0171    1.0708    2.7767    1.5530    1.7343    3.0040    0.0581    2.7630    3.0494
    730000      67.801780
    740000         6.2835       -28.3189        34.6025
    740000         4.4712        11.1633
    740000    2.0727    1.7410    2.5196    1.9889    2.6621    0.7865    2.9369    0.6360    2.7378    1.6067    2.6297    0.2038    2.5140    0.1210    0.0026    1.0791    2.3553    1.5137    1.8776    1.8089    0.3223    0.1725    1.9731    1.2416    0.7314    2.5321    2.8258    0.7184    0.8873    2.9891    2.5713    0.5800    1.1813    2.3712    1.2451    1.1589    2.1438    1.2166    1.7631    0.0183    1.6985    0.0705    0.5794    1.6824    1.9178    2.5158    0.5774
    740000      68.738922
    750000         4.5484       -28.0152        32.5637
    750000         5.8877         6.0399
    750000    2.0750    1.2680    2.9492    0.8819    3.0714    0.5092    2.9181    2.4049    1.9287    2.9590    1.6645    0.6887    1.5393    2.7322    2.1783    1.5731    2.9220    0.7281    1.8680    2.1333    0.0514    0.0811    1.4439    0.0371    0.7794    2.6569    2.5705    0.2585    3.1214    2.2292    2.8846    0.4356    2.3140    2.8367    2.0538    0.4482    3.1193    1.6885    2.9204    1.0208    2.7274    1.1781    2.8537    1.3210    2.7332    2.2524    1.3632
    750000      69.687669
    760000         5.1229       -27.1780        32.3009
    760000         5.2488        10.5295
    760000    1.1462    2.6627    2.2591    1.3817    0.3846    2.3934    0.2652    2.8833    2.9083    0.0457    2.9012    0.7299    2.7828    0.3950    0.4159    2.0680    1.1859    2.4954    1.1252    2.1932    2.3418    1.3441    3.0817    1.2992    2.8348    2.9423    2.5422    0.5033    2.6647    2.0437    1.5163    2.9525    0.1311    2.8707    3.0935    0.2911    2.7524    0.5093    2.7775    0.3055    0.2771    0.1604    1.0431    0.0199    0.3824    3.0547    2.0608
    760000      70.624393
    770000         9.0289       -27.2216        36.2505
    770000         4.8457        12.2245
    770000    2.0857    1.9587    2.5844    2.0483    2.8848    0.5591    2.8746    2.7738    1.4907    2.5841    2.9697    0.9565    2.7666    1.1234    0.9789    1.1664    2.6134    0.8113    3.1219    1.1136    0.6687    1.1409    0.7303    1.0743    0.4112    0.6434    2.6112    1.2874    0.8047    2.6154    2.2759    0.4306    1.3577    2.7072    1.9641    1.1288    2.0241    1.4988    2.0340    0.0580    2.0975    0.0567    0.5370    2.4316    2.7711    2.1062    0.7258
    770000      71.564455
    780000         8.5547       -28.1727        36.7274
    780000         5.8237         5.1321
    780000    2.0890    1.3858    2.7133    0.7194    3.0739    0.5024    2.9240    2.6824    1.7807    2.1353    1.8302    0.8999    1.7238    2.6977    2.6368    0.9841    3.0444    0.1538    3.0977    0.0653    1.1095    0.4708    0.1411    0.7132    0.0397    2.3841    2.3084    0.1962    2.9824    2.1304    2.7147    0.6187    2.3347    2.9815    2.5389    1.0589    2.7688    1.2749    2.3816    1.4160    2.9618    1.2906    2.5556    1.6626    2.9108    2.3215    1.3981
    780000      72.507856
    790000         4.3758       -29.8196        34.1954
    790000         4.2942         8.9891
    790000    2.1050    1.6866    3.0585    1.3484    2.9974    0.4216    3.0226    2.8587    1.3674    2.7255    2.4392    1.1853    2.3971    1.9148    1.7940    1.1289    2.7492    0.7447    3.0179    1.0599    0.6694    1.1213    0.4919    0.6912    0.4925    2.2039    2.2393    1.0301    0.8978    1.8448    1.2221    0.1386    1.7431    2.8436    2.2233    0.9730    2.1974    1.5121    0.3395    1.5150    2.2528    0.4768    1.2774    2.6445    2.8615    0.2378    2.8468
    790000      73.444474
    800000         9.9387       -32.2655        42.2042
    800000         4.4727         7.1854
    800000    1.2658    2.4659    0.3963    0.7034    1.4759    2.0354    1.3226    0.6608    1.3297    0.6566    1.8319    0.1091    2.5896    0.3471    1.0683    2.7049    0.2828    2.1330    0.5648    2.1889    2.4546    0.7293    2.3640    1.4201    2.5802    2.9922    2.7420    0.4723    2.8612    2.0724    1.5526    2.4808    0.6155    3.0660    3.0375    0.6332    1.7174    1.4116    2.2218    0.3497    0.6039    1.5698    1.8729    1.6142    2.4420    2.4544    2.8784
    800000      74.392226
    810000         4.7746       -30.2276        35.0022
    810000         4.7285         4.2761
    810000    1.2309    2.3951    0.2224    1.7855    0.2406    2.5553    0.6360    2.5757    0.8386    1.4299    2.2847    0.3660    2.4499    0.4380    0.8819    2.3565    1.6810    0.4633    1.6174    2.4339    2.0847    1.1018    2.1311    1.8320    3.0184    2.8069    3.0461    0.9203    3.1025    2.1061    1.3166    2.8626    0.4778    1.9161    1.9762    0.3005    2.8116    0.2001    3.0860    0.1056    0.3738    0.2107    2.3036    0.5991    2.9710    1.0834    3.0347
    810000      75.345619
    820000         7.5137       -30.1237        37.6374
    820000         4.1729         4.2278
    820000    1.2511    2.4592    0.6341    1.1868    1.0455    2.3804    1.1303    0.8737    0.2493    0.0111    2.7279    0.3898    2.4593    0.3502    2.3080    2.4632    1.0400    2.5431    0.5172    2.3566    2.4411    0.8068    2.7217    1.4512    2.1579    2.9674    2.6199    0.5261    2.5931    1.6701    1.8716    2.1178    0.7091    3.0251    2.9579    0.4437    1.8777    1.2037    2.4353    0.3187    0.1854    0.0599    1.2846    0.9088    2.7725    1.5210    2.5744
    820000      76.296261
    830000         4.9682       -29.8249        34.7931
    830000         4.3049         8.3353
    830000    1.2201    2.3447    2.9958    2.9079    2.9806    1.8871    0.8451    3.1397    1.8116    0.8321    1.4998    2.7024    2.8733    2.2523    0.2632    1.0225    2.4300    0.4005    1.1546    0.8369    1.2361    0.1525    2.6301    0.8341    3.1079    2.6774    1.4209    2.5406    1.4588    2.2072    1.8779    0.5114    1.9328    2.7329    0.4344    0.3288    2.3782    2.5295    0.0149    1.2794    1.2145    2.3664    0.1660    2.8230    0.1469    2.9570    0.5343
    830000      77.249591
    840000        14.7799       -33.3864        48.1662
    840000         4.6980        11.2062
    840000    1.7894    2.2712    2.8027    1.9214    2.7270    0.4246    3.0125    2.8153    1.5548    1.7561    2.1945    1.3721    2.6068    0.6990    0.2506    1.0256    2.7565    0.7942    3.0465    0.7293    2.0500    0.4393    0.2159    1.0246    0.4879    2.6751    2.3774    2.8251    0.0000    1.9660    1.4727    0.4409    1.1305    3.0940    0.2509    0.1458    1.7279    1.6887    0.5073    1.0625    0.1396    2.6429    1.8992    0.9126    1.3322    0.1198    3.0411
    840000      78.203166
    850000        14.3868       -27.3260        41.7128
    850000         5.3764         5.4050
    850000    2.0025    1.3220    2.9824    1.3016    2.9927    1.1839    2.6845    2.0224    2.3747    3.0801    2.0232    0.3294    1.7723    2.6914    0.3360    3.1021    3.1367    1.1234    2.2617    2.6690    0.1012    0.0347    1.0966    0.3485    0.5645    2.5995    2.2943    0.3381    3.0390    3.1147    2.9712    0.4902    2.1749    2.7980    1.9309    0.1959    3.1336    1.4957    2.8894    1.0193    2.3472    0.9769    0.8223    1.7213    2.4334    2.7287    0.0088
    850000      79.160825
    860000         4.6233       -34.1856        38.8089
    860000         4.9356         6.5633
    860000    2.0675    1.3660    2.9519    0.8578    3.1164    0.3334    2.8887    1.8951    2.2838    2.8323    2.1152    0.7245    2.1721    2.9936    0.3333    2.1604    3.0687    1.0122    2.1021    2.0514    0.3825    0.2954    1.0711    0.1854    0.2238    2.3407    2.5295    0.4609    2.5333    2.5876    2.9345    0.4892    2.0763    2.9036    1.9812    0.4471    2.7818    1.5155    3.0512    0.8952    2.4333    0.7553    0.8848    1.6275    2.5078    0.2997    0.0767
    860000      80.109271
    870000        10.3932       -29.2768        39.6700
    870000         4.1914         9.8868
    870000    1.9733    1.6257    2.9709    2.5338    3.0936    1.4345    1.4766    2.4969    2.7019    0.4748    0.1797    1.1940    2.7154    1.1733    0.0840    0.9372    2.5394    0.0259    1.5473    0.0441    0.0679    0.3906    2.8085    0.6743    2.9979    2.6507    1.2460    2.6366    1.2205    1.8723    1.8222    1.0920    0.0519    3.0178    0.2625    0.3667    2.3538    0.3359    2.3030    0.4489    0.2669    0.6263    2.6991    0.1338    2.7052    0.9234    1.4748
    870000      81.063659
    880000         9.3324       -32.5181        41.8506
    880000         5.0430        13.9341
    880000    2.0031    1.5120    2.6556    1.0247    1.1416    2.7010    0.4121    2.9591    2.0509    0.1844    1.4346    3.0629    0.3296    1.1157    0.9746    2.5934    2.2142    1.5649    2.8597    2.4040    1.3104    2.9370    1.5367    1.1428    0.7481    0.0536    1.8234    2.7735    2.2445    1.1245    3.1361    0.6856    3.0374    0.9380    0.0545    0.4210    1.4769    0.7992    1.7434    2.9111    2.0766    1.6254    2.4570    2.3834    1.0208    2.9769    0.9180
    880000      82.014221
    890000        13.9593       -26.0992        40.0586
    890000         4.2229         7.8523
    890000    2.0133    1.3528    2.9739    0.7431    3.0685    0.1906    2.9345    1.2448    1.7578    2.3741    2.5054    0.2512    2.5570    1.0145    1.4211    1.2112    2.5099    1.3424    1.6361    1.8537    0.4232    0.1727    1.4747    0.3775    0.4756    2.5747    2.9617    0.7791    1.8969    2.2996    2.5189    1.2746    2.3806    1.2198    1.4313    1.3550    2.5763    2.2272    1.7177    0.7644    1.3425    0.8018    1.8388    1.3538    0.8447    0.5244    1.3113
    890000      82.950279
    900000         5.2181       -31.4711        36.6892
    900000         6.3104         5.5222
    900000    2.0630    1.3761    2.4881    0.5365    3.1368    1.4759    2.4509    3.1134    2.1208    2.0566    1.4001    0.2663    1.1675    2.7146    0.3139    2.9766    3.0861    2.0384    3.0700    2.8701    0.2952    0.0079    0.5382    1.1796    0.0190    2.0489    1.9246    0.7596    2.8355    2.5887    2.9460    0.8062    2.8299    3.1202    2.6251    1.6492    3.1145    0.5194    2.5804    1.7082    3.0143    1.5665    2.8751    1.8493    2.6610    1.6510    2.0286
    900000      83.881369
    910000        16.8896       -26.5960        43.4856
    910000         4.2790         8.8182
    910000    1.9059    2.0490    2.7607    0.7295    3.1280    0.1050    3.0663    3.0546    0.9785    2.4957    1.1143    1.8320    2.3827    2.5403    2.2977    1.2260    2.7346    1.0196    2.2443    1.5706    0.9443    0.1443    0.2702    0.5122    0.6997    1.8053    2.4617    0.7811    1.5263    2.4764    3.0817    0.7421    1.7704    2.9002    2.1148    0.4953    2.2392    0.8667    0.2948    1.5718    2.6531    0.2984    0.5388    2.7236    2.8437    0.7235    2.6535
    910000      84.805769
    920000        14.6534       -26.7176        41.3710
    920000         6.3148         2.8807
    920000    1.8740    1.9993    2.4974    1.6343    1.9357    3.0694    1.5476    2.9469    2.4755    1.0826    0.9752    0.2820    2.4027    1.1265    2.4678    1.0946    2.8799    2.3102    3.0399    2.9907    2.6892    1.9086    2.0819    1.4986    0.7336    2.4581    0.3445    0.0019    2.7550    1.6054    2.9826    1.3811    2.3271    2.7189    2.4974    1.9613    2.9838    0.3669    3.0036    1.8098    0.6012    0.9886    2.7505    2.8964    1.5069    2.0449    1.6727
    920000      85.735958
    930000        16.2708       -25.3356        41.6064
    930000         4.5822        12.6540
    930000    1.6103    2.7908    3.0064    1.2522    3.0777    0.0693    3.0827    0.4394    1.7322    1.1063    2.8388    0.7755    3.1058    0.5947    1.0812    0.5895    2.4556    1.9141    1.3430    0.5364    0.3087    1.1941    0.0304    0.2143    0.9913    2.2333    1.7717    0.7319    0.7058    1.8506    2.4620    0.8938    2.9487    0.9425    2.9214    3.0624    2.7242    1.8733    2.1677    0.1138    0.6662    0.8538    1.9377    2.6015    2.1026    0.5458    2.8573
    930000      86.658189
    940000         9.7879       -31.9058        41.6937
    940000         4.9332         1.4455
    940000    1.4699    2.4264    2.4547    3.1412    1.2851    1.8353    1.4847    2.4467    2.7295    0.1063    0.9911    2.8760    0.4167    0.5187    0.7345    3.0688    2.0584    1.8233    2.0943    2.2148    2.8967    2.7367    1.9718    0.8704    1.9145    1.0957    1.0712    0.7424    2.3256    0.4963    2.9648    0.8282    2.1904    3.0416    1.9853    1.1813    1.3065    1.9920    1.4963    0.6206    2.4703    2.6141    1.9999    2.8685    1.3984    2.9262    1.8585
    940000      87.589842
    950000         8.5769       -32.9273        41.5041
    950000         4.7601         9.4805
    950000    1.9829    1.4368    3.0954    0.8803    3.1179    0.3551    2.5209    0.7651    1.8609    0.6927    2.7483    0.5492    2.6295    0.7263    1.4883    1.5508    2.7775    1.0032    2.1384    0.4764    1.3358    0.9591    2.9480    1.6526    0.3058    3.1045    2.7244    0.7968    0.6259    2.3449    2.3547    1.5131    2.2626    3.1410    3.1350    3.0231    3.0825    1.5451    0.4708    0.8333    0.7744    1.3894    1.1318    1.7544    1.3030    0.4533    2.4918
    950000      88.541250
    960000         7.8807       -33.0749        40.9556
    960000         5.8033         7.1559
    960000    2.0041    1.2682    3.0973    1.2288    2.8146    2.4326    2.3444    3.0108    2.6882    0.8272    2.3887    0.5826    2.4019    0.4519    2.8737    2.2478    3.0477    1.9420    1.6215    1.1970    1.3737    0.3491    2.2737    1.1038    1.0371    2.8888    2.3936    0.0007    3.0457    1.7244    3.0526    0.6743    1.8703    2.7398    3.0218    1.7327    3.0260    2.2477    2.1672    0.9130    1.3959    1.3981    1.8417    1.4679    2.8321    1.3606    0.8540
    960000      89.478981
    970000        11.3359       -31.2407        42.5767
    970000         6.1233         9.9045
    970000    2.0080    1.2539    3.0066    1.0435    3.0482    1.7464    2.3133    2.6330    2.0332    0.7885    2.8762    0.5549    2.4311    1.0044    1.9288    1.9322    2.9298    1.1060    1.6693    0.9497    1.0346    0.4973    1.8263    0.6706    0.7099    2.9020    2.5091    0.4129    2.7735    1.9112    2.8631    0.5102    1.9707    2.6550    2.7291    1.8895    2.8868    2.3763    2.0015    1.1583    2.7390    0.4772    1.5514    1.9705    2.9780    2.1081    1.2851
    970000      90.422313
    980000        10.8903       -29.6179        40.5082
    980000         6.2244         6.6438
    980000    2.0176    1.2779    2.8571    0.9902    2.9797    2.9170    3.1204    2.7371    3.0958    1.7554    2.7994    0.0044    1.9095    1.0848    2.2576    2.7981    2.9092    1.5465    3.0483    2.8277    0.7676    0.0248    0.8041    0.1228    0.4764    2.8525    1.8257    0.9687    2.9825    2.1166    3.1204    0.1421    2.5231    2.8015    2.2143    1.8673    2.8664    2.2381    2.7228    1.0468    2.8352    1.1416    2.5019    1.4900    2.1952    2.6206    0.7371
    980000      91.366087
    990000         7.0534       -29.1245        36.1779
    990000         6.3191         9.6952
    990000    2.0083    1.1547    2.7594    0.4342    3.0899    0.5530    2.5236    2.1632    3.0408    2.0193    2.5877    0.2121    2.2757    1.8402    1.3220    2.3067    2.9786    1.0178    2.4770    2.1281    0.9985    0.1896    1.3792    0.2752    0.4434    2.9942    2.3039    0.0247    3.0131    2.0628    2.8263    0.1247    2.8821    2.7749    2.4464    1.5079    2.9475    1.6338    2.7381    1.2400    2.9360    1.3377    2.4396    1.6310    2.5082    2.6789    0.0698
    990000      92.300320
   1000000         6.0402       -32.4137        38.4538
   1000000         5.3671         6.5974
   1000000    1.9553    0.5760    2.6596    0.5518    2.1135    0.4014    1.3580    3.1119    2.2068    0.4261    2.5327    0.4693    2.1601    0.0018    3.1139    2.3044    2.6782    1.7125    1.0009    0.4901    2.0416    0.5341    2.5632    1.2617    1.4156    2.9346    2.8712    0.9993    2.9004    0.6864    2.9404    1.0454    1.9652    2.9986    2.9945    2.2808    1.3633    1.9327    2.5794    0.0364    2.8016    0.1159    0.3673    2.4260    2.3444    0.4769    0.1419
   1000000      93.234177
