# Step Wall_Time_s
         1         6.9931        -0.8382         7.8313
         1         7.7232        25.7640
         1    2.0331    1.2555    1.9400    2.0916    0.1047    1.9964    1.6976    2.1329    0.8130    2.7227    1.7260    2.0374    1.4113    2.9277    1.9940    1.8249    3.1043
         1       0.001085
     10000        13.1459        -4.5945        17.7404
     10000         2.8593         5.9659
     10000    2.1774    2.8026    2.8357    1.5054    2.9073    0.4582    1.2524    2.3504    2.5247    2.8466    2.5080    0.3522    2.6214    2.2006    3.0817    0.0037    1.8889
     10000       0.151021
     20000         7.1131        -1.7702         8.8833
     20000         5.5147        16.7854
     20000    2.1544    2.4873    2.6904    2.7668    3.0668    1.8808    2.9741    1.0573    2.9646    3.1042    1.8947    2.1861    2.8150    1.2721    2.7682    1.0211    2.7776
     20000       0.324362
     30000         8.0388        -4.8748        12.9136
     30000         4.7855        12.9236
     30000    2.2772    3.1297    2.8387    1.9836    2.9425    2.3453    2.8976    1.0016    2.9206    1.6806    2.3661    1.8400    2.9299    1.7498    2.1644    1.6876    3.1146
     30000       0.516125
     40000         6.4828        -2.3774         8.8602
     40000         4.3249        11.1111
     40000    2.0831    2.8718    2.4209    3.1017    2.9924    3.1142    3.0775    3.0013    2.9322    3.0966    2.8463    0.5251    2.6313    1.9294    2.9073    2.0312    3.1126
     40000       0.682815
     50000        12.0012        -1.8859        13.8871
     50000         4.8445        12.3689
     50000    2.0616    0.8489    2.6898    2.5375    2.1875    2.0843    1.9808    2.3151    3.0293    0.2894    3.1039    3.0318    2.9961    1.3460    0.9569    2.0492    2.8449
     50000       0.832635
     60000         7.4502        -1.5233         8.9735
     60000         7.8277        25.9275
     60000    1.8535    3.1024    2.9816    2.0355    2.9694    2.1674    2.9088    2.4613    2.9857    2.5079    3.1101    2.7095    2.8592    2.5898    2.7491    1.7987    3.1104
     60000       1.000264
     70000         6.4246        -4.6829        11.1075
     70000         5.4589        14.2204
     70000    2.1575    2.4654    2.2433    2.8186    3.1166    2.2458    3.0792    3.1315    3.0358    2.3157    2.9524    2.9485    2.9808    0.2330    3.0686    2.8150    3.1109
     70000       1.150942
     80000        11.5312        -2.1869        13.7181
     80000         3.4476         9.1387
     80000    1.2887    0.4820    1.2269    1.2138    2.8888    2.3679    3.0806    0.0094    3.0825    0.4893    2.8789    2.4430    2.8865    0.1378    2.3028    2.1616    2.7120
     80000       1.315566
     90000         7.9369        -1.8282         9.7650
     90000         6.4718        20.3686
     90000    2.2052    1.9146    2.8567    2.3620    3.0156    2.8781    3.0965    2.6933    2.9805    3.0494    2.6047    3.0750    3.0866    2.5991    2.5801    0.8722    2.8187
     90000       1.467827
    100000        10.2241        -6.1019        16.3260
    100000         5.0599        11.0968
    100000    2.1269    2.7149    2.9068    1.2996    3.0161    1.3974    2.3321    1.6704    3.0051    0.5985    2.6731    2.9958    2.7245    2.6787    2.7519    2.4390    0.1271
    100000       1.625155
    110000         8.0922        -1.8071         9.8993
    110000         5.4819        18.2365
    110000    2.0506    2.8305    1.5966    1.2751    3.1195    0.0724    2.0597    0.3017    3.0181    0.0308    2.8896    0.6741    2.8230    0.3411    3.1298    2.5977    2.5040
    110000       1.784913
    120000         6.0663        -6.0994        12.1658
    120000         4.1145        10.1100
    120000    1.7225    3.0942    2.9906    3.0123    2.9835    2.5417    1.8874    2.7690    2.6286    2.8467    1.9498    1.9851    1.2424    0.5109    3.1174    0.3999    2.8209
    120000       1.966559
    130000         5.6742        -1.8696         7.5439
    130000         3.5859         8.6676
    130000    1.3940    1.0119    0.2340    0.9515    2.7030    0.9660    3.0480    1.2017    3.1400    1.1388    2.7179    0.4035    3.0007    1.6406    2.9456    1.7441    3.1372
    130000       2.156455
    140000        12.5079        -2.7613        15.2692
    140000         3.2791         7.3283
    140000    1.4793    1.8886    1.4334    0.7360    2.6772    0.0633    2.5383    1.0518    3.1301    0.5889    1.8266    1.0464    3.1061    1.3058    2.9613    2.0814    1.6840
    140000       2.315727
    150000        14.4761        -1.9249        16.4010
    150000         4.0297        12.7204
    150000    1.9938    0.9411    2.7733    1.8828    3.0019    1.3948    1.7061    0.6205    1.8660    1.5372    2.4057    2.4958    2.2801    2.3680    2.6090    0.6633    2.3443
    150000       2.471242
    160000        18.5295        -4.4186        22.9481
    160000         2.8261         6.5625
    160000    1.9596    1.6990    2.8298    0.5830    2.3581    0.5116    2.2178    1.5630    1.6709    1.5149    2.2647    1.7960    1.8789    1.9318    2.3033    1.7749    3.0722
    160000       2.624144
    170000         7.2622        -2.4759         9.7381
    170000         4.4503        10.7705
    170000    1.8976    2.4574    2.9069    2.7023    2.9901    3.0266    2.8445    2.6476    2.9938    0.1687    3.0580    2.9528    2.5968    1.2704    2.9390    1.1980    2.7510
    170000       2.806281
    180000        11.8031        -4.2771        16.0802
    180000         3.2432         7.6168
    180000    1.4266    1.4222    2.9674    0.8696    2.3589    0.4365    3.0762    0.0453    2.8892    1.1301    1.9746    1.9019    2.3150    0.0874    3.0962    0.3602    2.3324
    180000       2.967144
    190000         2.7523        -1.2053         3.9575
    190000         6.9012        23.0112
    190000    2.2009    1.4286    2.9177    1.6465    3.0728    1.4057    2.7973    2.0074    2.9961    2.0476    2.9279    1.9563    2.8801    0.9589    1.3358    1.3984    3.1052
    190000       3.132479
    200000         8.1786        -1.8989        10.0775
    200000         2.4293         7.2062
    200000    2.0557    1.6699    2.7938    2.7244    2.8830    2.0243    2.7290    3.1144    1.4117    0.0480    2.7259    0.0430    2.2024    0.1203    2.6726    0.2493    1.3733
    200000       3.288204
    210000         7.3753        -1.4112         8.7865
    210000         7.9943        26.6328
    210000    2.1588    2.6379    2.7529    2.9846    3.0012    3.0453    3.0666    1.9950    3.1039    1.9904    3.0940    3.1338    3.1393    2.7952    3.0456    2.8932    3.0927
    210000       3.433128
    220000         8.7034        -1.8914        10.5948
    220000         4.3608        12.5268
    220000    2.1257    0.8927    2.7537    2.1794    2.1135    2.0809    2.9282    0.8393    2.0228    1.9535    2.9044    2.7023    2.8206    2.0894    2.5845    0.1675    2.5303
    220000       3.574604
    230000         6.4603        -1.7516         8.2118
    230000         3.6259        12.5164
    230000    2.0407    1.0017    2.6607    2.3068    1.7196    2.0908    2.6884    0.6297    2.7493    2.8773    0.4919    2.7495    2.7775    0.7736    3.0761    0.8311    0.6496
    230000       3.726528
    240000        10.1896        -2.3121        12.5017
    240000         4.7892        13.2648
    240000    2.1184    2.8063    1.6347    2.1152    2.8810    0.3881    3.0993    1.9664    0.5903    1.6664    1.5145    1.8909    2.4293    0.4371    2.8687    0.4676    3.0080
    240000       3.908807
    250000        14.5316        -7.6435        22.1751
    250000         3.7795        10.7267
    250000    2.1876    2.5974    2.0592    2.9216    2.7494    0.3047    2.7773    2.4824    2.8215    0.0010    1.6147    3.0938    2.8651    2.7795    2.7573    0.4826    0.4709
    250000       4.070934
    260000        10.5033        -1.9467        12.4501
    260000         4.5263        11.7952
    260000    2.2145    2.9739    2.8928    2.0879    2.9200    1.7928    1.6978    1.4275    2.6809    0.4608    1.6000    3.0914    2.9776    1.4040    3.0213    3.0223    2.6480
    260000       4.252815
    270000         9.0918        -2.9367        12.0285
    270000         4.4333        13.8406
    270000    1.8177    2.6633    3.1341    2.5879    1.5188    3.0988    3.1053    0.5916    0.0150    1.2989    1.7155    1.5623    1.3076    2.7040    2.5646    0.0599    2.8194
    270000       4.398944
    280000         9.6095        -5.3184        14.9279
    280000         1.9145         3.5602
    280000    1.8344    2.4131    1.3338    1.4811    1.7248    1.1102    1.9164    1.5624    1.6306    1.4455    2.6641    0.0004    2.7114    2.1140    2.2309    2.2939    2.0334
    280000       4.555771
    290000         7.2276        -5.9487        13.1763
    290000         3.4702         9.5851
    290000    1.9157    1.8460    2.7898    2.9985    3.0947    3.1035    2.7526    2.3463    0.4172    0.1012    2.7231    2.7995    2.5460    1.0543    1.5741    0.2095    2.7871
    290000       4.712588
    300000         7.8531        -6.7613        14.6144
    300000         3.9453         9.4291
    300000    2.3741    2.8336    3.1370    3.0216    2.2606    2.6807    2.3944    3.1145    2.8411    0.0979    2.8994    2.0893    1.8392    0.8164    3.0338    1.5510    2.4005
    300000       4.884736
    310000        10.0828        -2.2596        12.3423
    310000         3.2069        11.0687
    310000    2.1462    1.0691    2.7651    2.3366    3.1371    2.0967    0.6349    0.1238    2.6829    0.5347    2.7800    0.0150    1.5846    0.1050    2.9749    3.0233    3.1041
    310000       5.034792
    320000        10.1915        -2.1193        12.3108
    320000         4.2199        12.2914
    320000    2.1754    1.1033    2.6281    2.0777    2.1096    2.5408    2.9466    1.5283    2.4860    2.5098    0.6784    3.0651    2.2000    0.6774    2.7458    1.5691    2.2824
    320000       5.179328
    330000         7.4571        -1.6666         9.1236
    330000         4.6090        15.6199
    330000    1.6777    0.9471    2.3272    1.7885    2.7748    0.9052    1.5051    2.2593    2.2646    1.4934    2.8566    1.7668    2.7791    2.2948    2.4961    2.0803    2.6252
    330000       5.325120
    340000        12.6210        -1.3709        13.9919
    340000         3.4969        10.9152
    340000    1.2740    2.2040    2.8058    2.1364    2.6231    2.2916    0.3500    1.1183    0.5581    2.2308    2.1908    2.5091    0.3596    0.8403    1.9536    0.3507    1.8893
    340000       5.465931
    350000         6.5534        -7.2959        13.8493
    350000         3.9354         7.8814
    350000    1.8357    3.0295    3.1249    0.7942    2.9260    2.6057    0.6037    2.1132    3.0805    1.5811    2.6047    2.1958    1.6387    2.5147    2.8940    1.6166    2.5551
    350000       5.630300
    360000        14.7705        -2.3249        17.0954
    360000         2.7037         7.0870
    360000    1.4018    1.0666    0.8187    2.4696    2.3001    0.3591    2.9968    0.4799    2.4992    1.7005    2.2075    3.1052    2.6003    0.0053    2.7373    2.3168    0.6146
    360000       5.830489
    370000         9.4234        -1.0362        10.4596
    370000         3.7686         4.1850
    370000    1.9360    2.5073    3.1320    2.5860    2.8024    0.1346    3.1035    2.9366    2.8621    2.9357    2.9695    2.7836    0.0272    3.0297    2.2383    0.3532    2.5662
    370000       5.981693
    380000         5.5628        -1.3904         6.9532
    380000         5.6295        19.3972
    380000    1.6292    1.5725    2.6917    2.7749    2.7165    2.8962    2.8783    0.1732    3.0365    2.0857    2.7355    0.5398    2.9064    0.0925    2.9569    0.0300    3.0886
    380000       6.134443
    390000        10.5435        -5.2209        15.7645
    390000         4.8938        12.6331
    390000    1.9697    0.9546    2.7120    2.9104    1.2254    3.0250    2.7259    2.2782    2.6639    1.9251    3.0274    0.6252    2.9885    2.5411    1.7530    2.8400    2.0135
    390000       6.284471
    400000         6.7688        -1.9120         8.6808
    400000         5.3826        15.9696
    400000    2.0959    2.7532    2.7221    2.8140    2.9468    2.1727    3.0305    0.4655    3.1217    1.4004    2.6955    2.0425    2.7458    2.8602    2.3467    0.2689    2.8809
    400000       6.450193
    410000        13.5567        -3.8455        17.4022
    410000         2.8684         6.4030
    410000    1.6989    2.0887    1.9760    2.4067    3.0865    2.6862    2.3473    1.0173    2.1546    0.2681    1.3412    1.8389    2.6854    1.4950    1.9207    1.7411    2.1263
    410000       6.612595
    420000        10.1754        -1.5351        11.7105
    420000         8.2270        27.2612
    420000    2.1534    2.5860    3.0282    2.7724    3.0580    1.9191    2.9274    1.4418    2.9224    3.0531    2.7956    2.8070    2.7966    2.3087    2.7457    1.7677    3.0540
    420000       6.786115
    430000         7.5860        -1.4328         9.0188
    430000         6.9331        23.6566
    430000    1.7879    1.3731    2.6734    3.0454    2.8849    3.1243    3.1050    0.1349    3.0567    0.9352    2.8938    1.1811    2.8819    0.9377    3.0671    0.8485    3.0264
    430000       6.939286
    440000         4.7692        -1.4464         6.2157
    440000         7.8755        26.3691
    440000    1.6988    1.6139    2.7385    2.5739    2.9770    2.4366    3.0783    1.4449    3.0715    1.9384    3.1244    3.0728    2.9531    3.0369    2.9236    2.1877    3.0292
    440000       7.094042
    450000        12.1818        -4.3214        16.5032
    450000         3.5861        10.5749
    450000    2.2921    2.6499    2.9053    1.6460    3.0987    1.8477    2.7990    1.4404    2.2848    0.4434    2.6058    2.1372    1.6809    0.4097    2.3604    2.2060    0.5714
    450000       7.251126
    460000        10.1642        -2.1996        12.3638
    460000         4.0178        15.2256
    460000    2.0438    3.0965    2.6322    3.0852    2.3661    2.3243    0.0876    0.5159    1.2362    0.1885    1.1528    0.8224    1.0029    1.1434    2.5515    0.8700    2.5397
    460000       7.407965
    470000        10.9583        -2.1526        13.1109
    470000         2.5527         7.3287
    470000    2.0822    0.6280    2.6383    2.5953    1.6908    0.9585    2.6499    0.6698    3.0065    0.9680    3.0808    0.3810    2.7232    1.4396    2.4586    1.6737    0.3800
    470000       7.581185
    480000         9.6268        -5.4683        15.0951
    480000         2.3824         3.7629
    480000    2.1375    0.7144    3.0345    1.3221    2.8481    2.1255    2.6996    1.5323    2.7514    2.8281    1.6416    1.8547    0.2298    0.2277    2.0807    2.2225    2.7614
    480000       7.772261
    490000         6.5634        -6.0936        12.6570
    490000         2.9085         4.5131
    490000    2.1243    1.4572    2.9521    2.5356    1.7181    0.7018    2.6149    0.8290    3.1334    0.7213    2.1895    2.7800    1.8997    2.8707    2.9070    0.0638    2.3996
    490000       7.972565
    500000         9.8905        -2.2758        12.1663
    500000         4.7680        10.8206
    500000    1.8032    3.0460    2.9057    2.5787    2.7864    2.2159    2.9722    0.8390    2.5906    3.1361    2.7998    2.8387    2.8339    2.1290    2.8594    1.9881    1.8287
    500000       8.156799
    510000         7.1886        -1.4026         8.5912
    510000         7.5596        23.7771
    510000    1.7361    2.3994    2.6481    2.5456    3.0956    2.4780    3.0737    2.2033    2.9673    2.9748    2.6922    2.9157    2.2376    2.8100    3.0518    2.8198    3.0124
    510000       8.303824
    520000         9.3291        -1.8215        11.1505
    520000         4.1623         9.9819
    520000    2.2248    1.3228    2.6291    2.6534    2.6896    3.0731    2.2446    1.5137    2.8749    0.2982    3.0941    1.9537    2.8801    1.7594    2.9043    1.8051    2.9121
    520000       8.448465
    530000         8.5972        -1.6636        10.2608
    530000         5.3838        16.0284
    530000    2.1980    1.5750    2.9044    2.0832    3.0647    2.3322    2.8798    0.9114    2.7528    1.4395    0.2012    3.0408    2.7094    0.6929    2.7719    3.0060    2.4371
    530000       8.594759
    540000         5.9576        -1.6521         7.6096
    540000         6.6766        20.7443
    540000    1.7114    3.0469    2.7337    2.9320    3.0060    2.3506    3.1042    2.1250    3.0335    1.5655    2.6169    2.7560    3.0926    1.3640    1.8441    1.9705    2.6941
    540000       8.754311
    550000         8.1018        -2.0693        10.1712
    550000         5.5964        14.6635
    550000    1.7028    1.5995    2.7356    2.5302    2.7660    2.3002    2.4097    1.4547    2.9260    2.8356    2.6386    2.2486    1.8521    1.5985    3.0951    2.9515    2.9981
    550000       8.903830
    560000         5.9825        -7.8235        13.8060
    560000         4.1061        12.6621
    560000    2.1733    2.9392    2.8251    2.2336    2.9173    0.1565    2.5923    2.8433    2.9298    2.7105    2.9046    0.7525    2.7814    2.3850    2.6037    2.6268    3.1281
    560000       9.066246
    570000         4.8825        -6.7265        11.6090
    570000         2.8603         4.4395
    570000    2.1873    1.1700    2.7627    2.0177    3.1301    0.8052    2.6617    1.5110    2.4683    1.8471    1.1783    2.1604    0.7795    0.5357    3.0745    0.6278    1.5720
    570000       9.226888
    580000        15.1207        -2.5054        17.6261
    580000         2.3790         3.3343
    580000    1.7412    2.8884    0.4695    1.1936    2.1032    1.9555    2.5516    0.6704    1.7098    2.6624    1.5551    1.5008    2.7485    1.1563    0.7127    2.3123    0.9888
    580000       9.397334
    590000         2.4404        -6.9019         9.3423
    590000         3.5553         7.6833
    590000    1.9616    2.6674    2.9850    1.1451    2.8578    1.6811    2.7143    0.6770    2.8069    2.9776    1.1715    2.7516    2.6430    0.3295    2.0579    1.4408    2.1155
    590000       9.593622
    600000         7.5023        -1.1140         8.6163
    600000         7.6026        25.2540
    600000    1.5235    1.9061    2.4816    2.2165    2.9758    1.0628    3.0455    1.4576    3.0512    1.4254    3.1302    2.2781    3.0616    1.8429    2.8772    1.7005    3.1312
    600000       9.780565
    610000         8.9479        -5.6296        14.5775
    610000         5.4090        11.0359
    610000    1.8863    2.8979    2.8646    2.8754    3.0886    0.7529    2.5957    2.5174    2.9540    2.7305    2.1680    2.7390    2.5709    0.6076    2.5914    2.9783    1.2593
    610000       9.931242
    620000         9.3030        -1.9632        11.2662
    620000         7.4057        23.0779
    620000    2.3055    3.0020    2.7372    2.9030    2.9841    2.7642    2.9153    2.0566    2.8159    1.3691    2.7501    1.9325    3.1349    1.4052    2.9759    1.7394    2.8564
    620000      10.091007
    630000         6.8835        -1.4987         8.3821
    630000         1.7139         5.4697
    630000    1.4141    1.0659    2.6375    1.3088    2.3734    0.1792    2.2016    0.1139    1.3479    0.6703    1.6427    2.3512    2.9128    1.1669    0.9466    2.9155    0.2874
    630000      10.253190
    640000        13.6786        -1.9453        15.6239
    640000         5.5438        15.7589
    640000    1.1571    0.7733    0.8775    1.6192    3.0149    1.6005    3.0281    1.5903    1.8413    2.8504    2.6787    1.8164    3.1215    1.6645    2.8965    2.9086    2.6894
    640000      10.396380
    650000         8.4029        -1.7355        10.1385
    650000         4.4946        10.7197
    650000    1.9229    2.8124    2.8012    2.8045    2.8034    1.8404    1.7866    0.7901    2.9622    1.8779    3.0066    0.8043    2.8044    1.2986    2.4655    2.3186    2.3771
    650000      10.540622
    660000         7.6579        -1.7280         9.3859
    660000         3.7193        11.9802
    660000    2.0828    0.9464    2.5319    2.4522    1.3046    2.1252    3.1343    1.0679    3.0111    2.2667    1.1930    1.9718    2.7323    2.2630    2.4409    0.7953    2.0181
    660000      10.686716
    670000        11.3241        -1.8256        13.1497
    670000         4.9319        13.9421
    670000    1.8905    2.9048    3.1116    2.3506    3.1184    2.0451    3.0444    0.2656    2.9805    2.9884    2.5842    2.0325    3.0112    2.8465    2.5355    0.4128    2.8918
    670000      10.837123
    680000         8.8047        -9.0129        17.8176
    680000         3.3292         6.2054
    680000    2.2134    1.2209    2.7770    2.0559    2.2326    0.3805    3.0762    2.0715    2.6590    2.9452    2.4097    2.2696    1.3134    0.5677    2.4755    1.1058    0.1517
    680000      10.994000
    690000         9.5131        -1.6085        11.1216
    690000         5.7275        19.3558
    690000    1.9489    2.6090    2.4953    2.4620    2.5928    3.0167    2.4550    1.7427    2.0325    1.1765    2.9861    1.2396    2.9141    0.7377    2.7274    1.6217    1.6369
    690000      11.173604
    700000         6.9936        -1.6869         8.6805
    700000         4.7388        14.0852
    700000    2.0850    0.9331    2.6472    2.6062    2.4208    2.3950    3.0992    1.3870    2.2079    1.9738    2.4155    2.8549    2.4452    2.5172    2.7799    3.1411    3.1099
    700000      11.321692
    710000        10.7034        -2.0201        12.7235
    710000         4.8696        14.1973
    710000    1.8890    1.8360    2.9014    2.9725    3.1204    2.5443    2.6397    2.2112    1.5578    2.3755    3.0095    2.4521    2.7419    0.7222    0.1984    1.8366    1.0690
    710000      11.466500
    720000         9.2484        -2.0237        11.2721
    720000         4.3860        14.4839
    720000    2.2120    2.3456    2.7252    2.9742    2.9791    2.9755    2.9977    1.5812    2.9627    0.6017    1.9171    1.7186    2.2944    0.0106    3.1080    2.0810    3.1341
    720000      11.632765
    730000         9.0403        -2.1019        11.1422
    730000         5.0802        16.4764
    730000    2.1093    0.8547    2.7317    2.1485    2.5813    1.8994    1.6773    2.6563    2.9029    2.5445    2.0855    2.4584    2.1487    2.9890    0.1552    2.5526    2.0774
    730000      11.797499
    740000         8.8194        -5.6014        14.4208
    740000         5.0655        11.6691
    740000    2.1129    0.7852    2.6551    2.4950    3.0287    2.2568    2.6487    2.8817    3.1318    1.1216    2.3095    0.9846    2.9208    2.8660    1.3277    2.5119    3.0142
    740000      11.977090
    750000         7.5181        -7.8938        15.4119
    750000         3.1293         8.4596
    750000    2.0438    1.0133    2.1088    2.1927    2.5682    2.7841    1.5854    2.0878    2.4695    1.8332    2.7214    0.6348    3.0966    0.6826    2.5548    0.0004    2.6993
    750000      12.138622
    760000         9.9373        -2.1434        12.0807
    760000         2.7129         8.5257
    760000    1.5840    1.1294    2.5766    3.0063    2.6911    0.9645    1.5686    0.4293    1.2484    1.2520    0.0086    0.8899    1.3404    1.9153    1.0136    0.7211    0.3576
    760000      12.298436
    770000         8.5088        -7.6686        16.1774
    770000         3.0882        10.1378
    770000    2.0241    3.1406    2.2078    2.4953    2.5880    2.4300    1.1667    0.6316    2.0021    2.0337    3.0876    0.2414    2.7558    2.1795    3.0115    1.5429    2.6946
    770000      12.468517
    780000         8.6146        -5.6788        14.2935
    780000         4.8222        14.8111
    780000    2.1206    2.2852    2.5715    2.7349    3.1290    1.8802    3.0582    2.5280    2.7664    0.1198    2.0823    1.8337    2.5732    1.7789    2.7714    0.0460    2.6676
    780000      12.649926
    790000         6.6091        -7.6586        14.2677
    790000         4.0133        11.4908
    790000    1.6205    1.8945    3.0921    1.0929    2.2887    1.0942    3.1311    1.1324    2.4879    0.0026    2.2687    2.4183    2.9705    1.0207    2.5513    2.5085    2.8680
    790000      12.849302
    800000         3.4810        -6.4543         9.9353
    800000         4.2959        11.0537
    800000    2.2897    1.5341    2.5667    2.0782    3.0571    1.7861    1.7193    1.0526    3.1228    1.4553    2.4748    3.0875    2.8504    3.0288    2.4256    2.5173    2.0724
    800000      13.046085
    810000         9.5246        -7.0198        16.5445
    810000         5.4515        14.3198
    810000    2.2867    1.7344    3.0541    2.3366    3.1214    3.1341    2.9551    2.6271    2.7847    0.2467    2.7456    2.9878    2.9495    3.0527    2.8217    2.8058    3.1245
    810000      13.244582
    820000         4.8928        -8.6090        13.5018
    820000         4.4002        11.2063
    820000    2.2472    1.3207    2.3053    0.8650    3.1278    0.4114    1.6775    1.9368    2.2578    0.5433    2.2467    2.8574    3.0981    3.0233    2.5495    2.9508    2.6166
    820000      13.444121
    830000        12.3217        -2.6182        14.9399
    830000         3.9087        10.3855
    830000    2.3386    2.4178    3.0631    3.1088    2.9842    2.7194    1.9748    0.8142    3.0052    1.8484    2.3876    3.0856    2.9143    0.4888    2.4535    1.8468    1.5382
    830000      13.625421
    840000         4.1246        -1.4308         5.5554
    840000         4.4682        13.3303
    840000    2.0558    1.1255    2.8068    2.2539    3.0950    2.0466    1.9615    1.4211    3.0411    2.6149    2.7504    2.7014    2.7921    1.9529    1.2190    0.5811    1.3364
    840000      13.773269
    850000         9.4533        -1.9253        11.3787
    850000         4.2926        13.6866
    850000    2.1601    0.9122    2.6900    2.1839    2.9337    2.8568    3.1244    0.2193    3.0436    3.0287    2.9871    0.8419    2.8623    2.4651    1.5742    1.7636    1.1079
    850000      13.919001
    860000        10.7172        -1.8821        12.5994
    860000         3.8184        10.3227
    860000    1.9387    2.3939    2.4705    2.1522    2.8971    1.7093    2.7936    2.2757    3.1401    0.7695    2.0132    0.7902    2.0174    0.3011    2.2977    0.7090    2.5083
    860000      14.068527
    870000        10.0895        -2.8811        12.9706
    870000         4.3007        10.9835
    870000    1.8778    1.2019    3.0494    2.0692    3.0584    2.8249    3.0955    2.7060    2.1260    1.8846    2.0474    2.5166    3.1275    1.9701    2.7250    0.2042    2.8518
    870000      14.232038
    880000        10.8466        -2.4487        13.2952
    880000         2.6005         7.0543
    880000    1.4991    1.6811    0.4017    2.2338    2.9839    2.2353    2.2683    2.7896    2.5698    0.6170    1.8599    2.2836    2.7067    1.2925    1.8339    1.0212    3.0231
    880000      14.391426
    890000         3.6994        -6.8491        10.5485
    890000         3.5062         7.1676
    890000    2.3262    1.6962    2.9610    2.3011    3.0194    1.7811    2.9694    0.7112    3.0356    1.3402    1.3223    1.9868    2.6262    0.3888    2.7507    1.4563    2.4992
    890000      14.574176
    900000         5.5400        -1.5191         7.0591
    900000         7.5941        25.4037
    900000    1.8674    2.5547    2.6852    3.0168    3.1250    2.8590    2.9691    2.1144    3.0204    1.7945    3.1345    2.5445    2.9642    2.7826    2.9017    2.6520    3.0445
    900000      14.740484
    910000         6.0026        -8.4663        14.4690
    910000         4.7096        13.2383
    910000    2.2596    3.0079    3.0357    2.0700    2.8716    2.5415    1.8632    2.6865    1.7136    1.2181    2.6335    2.1418    3.1094    2.3549    2.6794    0.3437    2.8012
    910000      14.912057
    920000         9.4447        -1.7620        11.2066
    920000         4.7459        11.2674
    920000    1.7518    2.9905    2.5214    2.5452    2.9941    2.2662    1.2049    2.8635    2.6200    1.5136    2.4512    2.9796    2.0736    2.6746    2.2372    2.0067    2.2627
    920000      15.072788
    930000         4.9879        -6.3943        11.3822
    930000         4.0943        10.7023
    930000    2.3135    1.7122    2.9330    2.0821    2.9847    2.5261    2.9420    1.8918    2.4264    0.6586    2.7700    2.9287    2.3387    0.4700    2.2338    0.4580    1.7314
    930000      15.240898
    940000         8.8140        -1.7252        10.5393
    940000         5.6823        17.4590
    940000    2.1769    1.1946    2.6332    0.4854    3.0877    0.4106    2.6919    1.5091    3.1096    2.9211    2.6048    2.7903    2.6113    1.4567    2.8560    2.7310    2.0534
    940000      15.401368
    950000         9.1522        -1.6418        10.7940
    950000         3.8037         9.8674
    950000    2.1137    0.5583    2.8786    1.6980    3.0153    1.9149    1.8995    0.8535    2.8129    1.7987    2.4530    2.1489    3.1398    2.7588    2.8790    1.4113    2.9958
    950000      15.569114
    960000        11.2846        -1.6551        12.9397
    960000         5.8021        20.1168
    960000    2.0170    1.8300    3.0302    0.3951    2.8874    0.5650    2.8549    0.1286    2.6513    2.6313    3.1314    0.0269    3.0676    2.4459    2.9855    2.4081    2.8083
    960000      15.709346
    970000         7.8770        -1.5762         9.4532
    970000         4.2987        11.8585
    970000    1.7182    0.6191    2.3635    2.0404    2.8308    2.0713    2.5522    2.9442    2.5209    3.0927    2.9812    1.7214    2.7352    1.8895    2.8466    2.1076    2.3581
    970000      15.850291
    980000         7.3550        -4.9991        12.3540
    980000         5.3849        13.4150
    980000    2.2056    2.1372    3.0566    1.6347    3.1267    2.1020    2.7286    0.6201    2.8903    2.9858    2.8155    2.9101    2.7622    2.8424    3.0043    2.7799    2.2402
    980000      15.995719
    990000        11.8633        -3.5175        15.3808
    990000         3.5008         9.3030
    990000    1.9736    2.7525    0.1814    1.0995    1.6516    1.1870    2.6297    1.6437    2.8938    0.5480    0.7870    0.4890    2.8382    2.2776    2.6686    2.0365    2.7599
    990000      16.161424
   1000000         6.3438        -1.3608         7.7046
   1000000         6.9170        22.7415
   1000000    1.5530    1.9690    2.7103    2.8327    2.5527    2.7622    2.8436    2.8270    2.9050    2.1434    2.6912    2.2650    3.0606    0.3758    2.9957    0.0001    2.9534
   1000000      16.319382
