# Step Wall_Time_s
         1         0.0902        -5.0822         5.1724
         1        39.1262       133.2802
         1    1.0040    2.5037    2.6392    1.2675    2.1149    1.8163    1.7360    0.0457    2.0279    1.8275    1.8277    0.7735    2.6161    2.1118    1.4167    0.2631    2.5015    2.1498    1.4272    0.3099    2.5697    2.8112    3.1195    0.8609    1.0815    2.8750    3.1186    0.9419    1.0519    2.8454    2.9842    0.9021    1.2317    2.8060    2.7259    3.0835    2.6879    2.5616    1.1735    0.4784    2.7447    2.5744    1.1688    1.3616    2.7281    3.0350    2.1393    2.7732    2.5380    2.3035    1.0267    0.0383    2.5628    2.3411    0.9938    0.0141    2.5429    2.2215    0.9791    0.3920    2.2706    2.0067    1.5078    0.1655    2.3473    2.0084    1.5385    0.2949    2.4296    2.0738    1.3846    0.1294    2.4001    2.0801    1.3790    0.1334    2.3999    2.0823    1.4658    0.2414    2.3887    1.5116    1.6473    0.1049    2.3461    1.1779    1.8227    0.0715    2.2842    1.0408    1.7629    0.2035    2.1274    1.1461    1.8971    0.1754    2.3198
         1       0.002068
     10000        44.2214       -18.3889        62.6103
     10000        13.1935         7.5187
     10000    1.7256    2.2320    2.3169    0.6178    2.3498    2.1390    2.0453    0.1442    1.1817    2.7478    2.2587    1.0822    1.0964    1.1514    1.1502    0.8819    1.1030    1.3739    1.3142    1.6209    1.5095    2.9248    1.5805    2.7120    1.7317    0.1176    1.5635    1.7573    2.9566    2.6823    2.5360    1.9364    1.9219    2.8814    1.2435    2.9934    1.8134    1.0925    1.5111    3.0395    1.1761    1.4122    1.1970    2.8850    1.1726    2.6458    0.0639    2.7697    0.3211    2.6729    0.5185    1.4116    1.0272    0.5336    1.4928    1.8658    0.4324    0.4755    1.4305    2.9606    1.5247    2.6432    1.6473    1.5878    1.4326    0.0808    1.8624    1.8173    0.0795    0.9370    2.0036    0.9597    1.6006    1.4142    2.5797    0.2376    2.0692    0.0433    1.9203    0.0141    2.0065    0.0461    1.6253    1.4148    2.8038    1.6779    2.6783    2.7207    2.2025    1.8450    2.7593    3.0884    2.5432    2.6350    2.8186    0.8476    2.6735
     10000       2.614090
     20000        27.6721       -33.3015        60.9736
     20000         5.9160        19.4616
     20000    0.8163    2.3776    1.2859    2.7061    1.1046    2.1153    1.5679    2.4693    0.4365    1.4983    3.0508    0.4722    1.7573    0.7236    1.4557    1.0700    1.9223    1.6413    1.7265    0.7527    0.7017    0.9820    1.3181    0.4659    0.2979    0.8396    0.8757    0.2788    2.7422    1.6368    0.5996    2.0105    0.9866    2.1448    0.7693    2.1862    1.9758    0.3960    1.4648    1.1654    1.0192    2.5595    2.2782    1.3463    1.5779    1.3863    2.1190    1.1067    1.0597    0.9701    0.7355    1.1878    0.7128    0.1522    0.9686    2.8295    0.1183    0.5166    2.7385    2.8393    0.6684    2.2430    0.3334    1.7297    0.6136    1.2223    2.5026    1.5754    1.9145    1.5432    1.2006    0.5462    1.1347    3.1260    0.5332    2.5544    1.5439    0.2368    2.3666    1.5689    2.1593    0.9793    2.7378    0.0142    0.6938    0.3992    0.6054    1.0545    0.1853    0.9649    0.0240    0.9660    0.9600    0.0555    1.1497    0.8794    1.1382
     20000       5.398892
     30000        29.1757       -35.8230        64.9987
     30000         5.3335        15.3177
     30000    2.3403    1.1318    1.7450    0.7700    2.1370    0.7311    1.2942    0.0747    1.1011    0.5795    3.0183    1.0613    0.3552    0.1418    1.9875    0.3282    1.7870    1.4155    1.4858    1.4468    1.0147    1.5165    2.5301    0.5275    2.3536    1.4100    1.6624    0.5711    2.6735    0.6150    0.3314    0.3763    0.5023    0.4477    0.9728    2.7376    1.7220    0.8432    2.1087    1.2962    1.3067    2.3780    2.4291    1.0578    0.1900    1.4250    2.1218    1.2123    0.9487    0.6273    1.1382    1.1478    0.9974    0.3167    1.3635    2.6145    0.1087    0.1330    1.6122    1.4809    1.7577    2.1367    0.3936    1.2881    0.4944    2.0396    1.0834    1.5362    2.9446    0.1701    0.2056    0.8355    2.1117    2.6536    1.6058    1.6572    0.5519    0.0441    0.6104    2.0088    0.9580    2.5261    1.6366    2.3599    0.4534    3.1052    0.8772    1.5191    0.0638    1.2730    0.4857    2.4245    1.6458    1.1893    0.7201    2.5358    1.1786
     30000       8.230776
     40000        36.9429       -34.2681        71.2110
     40000         8.2834         7.9201
     40000    2.3992    1.4214    2.4410    1.9626    1.5732    1.5891    0.2326    1.9828    0.1898    0.1110    2.3732    2.4116    1.0198    2.9947    1.5891    2.1292    0.1373    2.1075    0.4208    2.3219    1.2339    2.5005    1.9238    1.3862    1.7664    1.7497    0.1116    1.2441    0.8987    2.1607    1.5218    0.8981    1.6403    1.8100    0.5430    3.0434    0.4703    1.6218    0.2110    0.7452    1.8297    2.0956    1.6884    2.1398    1.3097    0.0090    2.6358    0.8744    1.6189    0.6870    2.4323    1.8550    2.2047    0.3974    3.1076    1.7594    1.2877    1.3230    1.5218    0.1708    1.3184    1.2927    0.1011    0.9747    1.4924    2.5775    1.6847    3.0050    2.3010    1.7614    1.6867    0.0782    0.1925    2.6912    1.0320    1.2511    0.2970    0.1213    0.3935    1.1524    0.9672    1.4448    2.5314    1.6232    1.2130    0.8107    0.3115    2.9234    0.8053    2.4888    1.6858    0.7416    0.9008    0.8116    1.8459    3.0646    1.8185
     40000      11.125436
     50000        24.1834       -44.6326        68.8159
     50000         3.7823         2.4236
     50000    0.7188    2.7220    0.9611    2.5379    1.2003    1.7632    0.5022    1.4636    0.1584    0.0222    2.0728    2.0275    1.1175    2.0258    2.1638    1.1031    2.0694    0.5198    1.0227    0.7451    0.8134    0.8355    0.2331    1.0866    1.9534    0.7224    0.9214    1.8118    2.6634    3.0290    2.5356    1.0228    2.4221    0.9748    0.2882    0.5225    2.4581    1.4848    1.1253    0.6487    0.8005    2.5404    0.9404    2.7832    0.6150    2.1239    1.4117    1.9324    0.5909    3.0599    0.7684    2.4007    0.9567    0.2391    1.7293    1.9154    0.3736    0.1971    1.3316    1.1407    1.9324    1.8465    0.5211    0.7566    0.1585    1.0629    2.3890    0.0327    1.5061    0.2798    0.7325    0.7119    0.2429    2.9815    1.0065    1.2482    0.0315    0.0268    0.1918    1.5386    0.5339    1.7695    1.2369    0.7944    1.1688    0.2685    0.0249    2.6621    1.6616    0.8775    1.0785    0.2824    1.6165    0.3570    1.8700    1.1527    3.1315
     50000      14.069977
     60000        28.8347       -44.7246        73.5593
     60000         7.1726        12.2569
     60000    1.9842    0.8881    1.0580    2.6448    0.8187    1.3582    1.4916    1.8679    1.0553    0.4497    2.6093    1.7321    1.2536    1.2626    2.3535    0.2497    2.7084    0.5106    1.7273    1.2859    2.0459    1.6912    2.4142    1.2766    2.6522    0.5393    2.7773    2.8450    2.7086    2.3124    2.4626    2.1959    1.3120    2.1388    3.0317    1.5379    3.1162    1.5257    2.5078    0.2640    2.0953    2.2341    1.5211    3.0955    0.6328    2.3910    0.7264    2.5184    0.9256    2.4943    0.4924    1.7784    0.5868    1.2643    3.0578    0.2949    1.0487    0.5894    1.5136    2.7591    2.6892    2.2985    2.3514    3.0053    1.1662    0.3591    0.0050    1.4012    1.3508    2.5526    1.9892    0.6586    1.7734    2.1332    2.4155    0.0507    1.2215    0.3995    1.2025    1.8395    1.6232    0.4720    1.5925    2.6837    1.8724    2.8029    2.6408    2.7288    0.8127    1.1206    2.8779    1.2690    2.9743    2.5505    3.0071    1.3172    1.5473
     60000      17.057913
     70000        33.1828       -40.4657        73.6486
     70000         8.2872        14.4085
     70000    1.1723    1.3697    1.4472    1.4278    0.5913    0.2403    1.3627    0.0002    1.8272    0.4046    2.7525    2.0750    2.7193    1.0946    1.0423    1.1036    1.4675    1.6528    1.4749    1.6427    0.4432    2.8606    1.4631    1.8534    1.9125    0.0703    2.1745    3.0053    2.8915    1.9487    3.0558    1.9210    1.4947    2.1820    0.5078    2.8397    2.5704    1.3916    3.0781    0.2364    1.7364    2.5491    1.7105    2.6022    0.9893    2.7375    0.4154    2.8296    0.8518    2.7663    0.4509    2.7868    0.8173    1.0572    0.5096    0.4034    1.6625    0.5684    1.8737    2.4324    1.7516    3.0069    2.4517    3.1351    2.1827    1.9574    0.8790    0.9129    1.8507    3.0487    2.2750    0.3260    0.1786    1.3461    1.8040    0.3930    1.2809    0.4390    1.5899    1.6990    1.7699    0.7008    0.4158    0.9747    0.9816    2.9799    2.7880    1.0198    1.1309    0.7736    3.0900    0.9524    2.8548    2.4429    2.1680    2.1398    1.5030
     70000      19.978794
     80000        28.5105       -43.0983        71.6088
     80000        10.7581         5.1830
     80000    1.9031    3.0180    1.9643    2.1764    2.0878    1.7394    2.9115    2.3825    2.8636    3.0574    0.3998    0.9572    2.3551    1.3958    1.6419    0.1917    1.8799    0.0101    0.7565    2.3845    3.1271    0.8112    2.6168    0.1820    2.5080    1.7982    3.1371    0.8464    2.1836    2.3276    1.2766    0.6505    0.6535    0.7589    0.9390    2.4756    1.5102    2.6235    0.4120    0.0166    0.7621    2.7066    2.3364    1.6999    2.7502    1.8564    1.2437    1.0025    1.6274    1.8482    1.3635    0.2646    2.5933    1.7813    1.8010    2.7993    2.8801    3.1249    0.0217    2.2483    1.3211    2.8674    1.2537    1.6294    0.3372    0.5176    1.0304    1.9581    0.2790    0.7211    1.1628    0.7858    2.5510    2.0798    2.1000    0.0366    2.0331    0.8047    1.7805    0.3451    2.7682    0.9211    1.4306    0.6940    1.5152    0.1343    2.6572    0.0197    1.7488    0.7367    2.3894    1.0712    2.6525    2.2014    2.8419    2.8401    2.3686
     80000      23.052146
     90000        28.9065       -42.2074        71.1139
     90000         8.1274         8.7036
     90000    1.7331    1.9725    1.2090    2.0712    0.7905    1.5173    3.0075    1.6727    1.5722    0.5147    2.4272    2.3693    2.5249    0.1913    1.8498    0.6392    1.6729    1.4372    1.5865    1.8121    1.8904    1.9919    2.2049    1.4039    2.3882    0.6036    2.7203    2.3498    2.9456    2.2721    2.5064    2.3501    1.8832    2.3298    2.0260    1.1721    2.9956    1.5435    2.4082    0.1011    2.2118    2.0138    1.6544    2.9086    0.8703    2.5558    0.8890    2.9750    0.9379    3.0394    0.2851    3.0896    0.3892    0.1235    1.5062    0.7915    2.9910    1.4128    1.7847    2.9078    1.3481    3.0544    1.9790    2.5361    0.9386    0.7946    0.5090    1.2057    1.1959    2.2203    1.7940    0.8231    1.9962    2.4189    2.7931    0.0034    1.1799    0.9507    1.8794    1.7350    1.8000    0.7578    0.7430    1.0247    0.3114    2.1961    2.8367    0.2962    1.5627    0.5346    2.5309    0.6538    2.9710    2.3002    2.5447    3.0221    2.0007
     90000      25.997639
    100000        23.2946       -44.4764        67.7710
    100000         9.3011         4.2681
    100000    1.9000    2.2073    1.5185    2.0934    1.5766    1.7091    2.7505    2.4925    2.2836    0.0034    1.0502    2.9819    2.7748    0.8196    1.9390    0.3308    1.7530    0.5386    0.7792    0.4560    1.8964    0.2810    2.7155    0.1167    2.2487    1.6878    3.0151    1.0970    2.7464    2.1553    1.6915    1.5111    0.4452    1.8224    1.3604    1.8251    2.2960    1.9122    0.9588    0.1785    2.4283    2.1804    1.9919    2.8737    1.2072    2.0779    1.1002    2.0672    0.2555    1.9646    0.7674    0.2931    2.2583    0.2821    2.1791    1.6483    2.7536    2.2731    1.0966    2.9198    1.4597    2.7461    1.6585    2.2666    0.6362    0.7140    0.4818    1.8303    0.7411    1.5761    1.2443    0.9111    2.3038    1.9841    1.6184    0.5742    1.7085    1.6755    1.7508    2.2950    2.4244    0.3023    0.0096    0.6756    1.1127    1.1475    2.5954    0.0623    1.1656    0.0073    2.1361    0.2886    3.0802    2.2466    2.3324    2.8398    1.6952
    100000      28.991208
