# Step CPU_Time_s
         1         0.1749        -0.8394         1.0143
         1         7.7195        25.9956
         1    0.7900    3.1416    0.0046    3.1416    0.0000    3.1416    0.4944    2.9131    0.9603    2.4159    2.3297    0.1443    1.2040    1.9536    2.3763    0.2496    0.6937
         1       0.000000
     10000         6.4350        -1.6002         8.0352
     10000         4.9189        14.7393
     10000    1.4670    1.7402    2.1897    0.0403    2.0886    0.7753    2.0470    0.0174    1.7738    1.3057    2.0205    1.3479    0.1628    0.4420    2.8561    0.6353    2.6191
     10000       0.244015
     20000         8.1180        -4.9474        13.0654
     20000         2.0417         4.5596
     20000    2.1314    1.3391    2.6208    0.1340    2.5145    1.4661    1.0838    0.5428    2.4239    0.5640    2.7922    0.1619    2.5736    1.9611    2.6396    1.2379    3.1027
     20000       0.468029
     30000        10.5595        -2.4510        13.0105
     30000         3.1595         5.6052
     30000    2.1891    0.9111    2.8162    0.5890    2.0942    0.2413    2.4141    2.9082    2.3357    0.7218    2.8984    2.8905    1.8370    0.0651    2.8846    1.6805    2.1961
     30000       0.700044
     40000         8.7888        -2.1975        10.9863
     40000         6.5147        21.9382
     40000    2.2725    2.1114    3.0774    2.9389    2.8575    3.1190    2.2037    2.3031    3.0571    0.8388    3.0966    1.3226    2.5342    1.0779    2.8750    1.1166    2.8883
     40000       0.916057
     50000         5.5168        -7.3192        12.8360
     50000         4.2754        12.0619
     50000    1.9968    2.6272    2.7242    2.1427    2.3161    3.0618    1.4189    1.8306    3.0515    1.2864    3.1028    2.8133    2.8141    2.9802    1.9982    2.9929    2.3573
     50000       1.160072
     60000        14.0788        -2.4564        16.5352
     60000         3.8857        11.4340
     60000    2.1403    2.6369    2.8535    2.0601    2.9314    2.9212    1.9872    1.0384    2.2732    0.3507    1.7060    0.9193    2.8895    2.1030    1.9494    2.5374    0.8468
     60000       1.432089
     70000        10.8552        -8.2338        19.0890
     70000         2.6638         5.7108
     70000    2.2547    1.6105    2.9552    2.0190    3.1316    0.5355    1.6125    1.1026    2.9276    0.2582    0.1707    0.2090    2.7631    1.2466    2.8815    2.7388    2.6164
     70000       1.692106
     80000        13.4419        -4.7918        18.2337
     80000         4.6582        11.2535
     80000    2.2916    1.6068    2.9447    1.3441    3.0815    1.5791    2.5259    0.6631    2.7288    2.8305    2.1620    3.0336    2.7608    1.9973    1.9600    2.3299    3.0858
     80000       1.972123
     90000         7.6554        -8.9023        16.5577
     90000         2.7659         5.4770
     90000    2.3177    2.9599    2.8400    1.0642    1.9675    0.1672    2.5320    3.1020    3.1383    0.4641    1.4093    0.5706    1.5074    0.0957    3.1176    0.4380    2.9702
     90000       2.192137
    100000         8.2482        -4.4998        12.7480
    100000         4.5894        10.3611
    100000    2.0990    3.0978    2.9600    2.1287    2.9364    0.4440    2.7673    1.6040    2.6384    1.4183    2.5826    1.8715    3.1294    3.0795    3.1292    2.2902    2.4967
    100000       2.464154
    110000         5.2893        -7.3890        12.6782
    110000         2.8519         8.7564
    110000    1.8823    2.5668    1.7040    2.1636    2.7153    1.5434    2.0052    2.1625    0.9655    0.2150    2.9531    0.4007    0.8210    0.7013    0.1757    0.4056    1.5325
    110000       2.764173
    120000         6.9336        -5.9267        12.8603
    120000         2.9088         7.4009
    120000    2.1451    2.2884    2.8577    1.7126    2.7728    0.9694    2.8744    0.8358    1.5058    1.6360    0.4139    0.0939    2.5071    0.8833    2.9352    1.0797    1.9513
    120000       3.020189
    130000        17.1004        -3.3989        20.4993
    130000         2.4403         5.6146
    130000    1.4820    1.3559    0.7459    0.3846    1.2093    0.5049    1.1145    2.0478    3.0672    0.2527    2.9697    0.6274    1.3824    2.7315    2.9837    1.1681    2.7895
    130000       3.244203
    140000         7.0164        -2.9494         9.9658
    140000         2.4487         5.6599
    140000    1.6800    1.3877    1.0852    1.9497    2.2267    2.5767    0.1196    0.2115    1.9343    0.5646    3.0166    1.7545    2.7489    0.2555    3.0308    2.6838    1.7784
    140000       3.464216
    150000         9.6020        -3.7905        13.3925
    150000         3.9479         9.5459
    150000    2.3050    3.0529    2.9029    1.0994    3.0135    1.5136    2.3311    1.5203    2.8635    2.9160    3.0221    0.6224    2.7534    0.4408    2.9702    0.1246    1.3941
    150000       3.728233
    160000         6.5442        -8.0737        14.6179
    160000         1.9661         1.7770
    160000    1.4385    1.8458    0.7609    0.1264    0.7432    0.8750    1.9791    2.5597    1.1650    0.0982    3.0526    0.1977    2.1120    0.9964    3.1135    2.7768    2.7748
    160000       3.988249
    170000         6.3478        -1.9913         8.3391
    170000         3.3466         9.1805
    170000    1.4504    2.6536    1.0881    1.2473    2.4313    0.7380    2.1886    0.9716    2.7346    0.1655    2.9516    0.0277    2.7229    0.8498    2.8351    0.5892    2.6271
    170000       4.272267
    180000         9.6001        -3.6985        13.2986
    180000         5.1768        12.6154
    180000    2.0748    2.3659    2.2340    2.4781    2.9865    0.2821    2.9152    3.0260    2.9916    2.3707    1.9622    0.3341    2.9689    1.7255    3.0421    2.2081    2.6699
    180000       4.524283
    190000         8.5222        -5.0768        13.5991
    190000         5.1393        13.2220
    190000    2.2292    3.0960    2.9416    1.5191    2.8854    1.9825    3.1334    2.1032    2.6212    1.5825    2.5938    0.4688    3.1277    1.7113    2.6668    2.9922    2.7112
    190000       4.784299
    200000        11.6261        -2.7890        14.4152
    200000         3.2501         4.7706
    200000    2.2735    2.4844    2.7180    0.2819    0.5769    0.4319    2.9362    1.1569    2.0649    1.9896    1.4208    1.1987    1.6527    2.2239    1.8740    2.0481    2.3464
    200000       5.060316
    210000         1.8360        -6.7541         8.5902
    210000         5.2897        13.3127
    210000    2.1254    1.2174    2.7730    0.9016    3.0574    2.1010    2.6761    2.9229    2.9585    3.0138    2.9996    0.0699    3.1107    2.8538    2.8260    3.0341    2.5689
    210000       5.304331
    220000        10.6952        -2.0526        12.7478
    220000         1.8582         5.1108
    220000    1.3458    0.7428    1.1422    0.1222    1.2371    1.6243    2.1432    2.9547    0.6193    2.3713    1.5290    0.3058    2.9425    0.1459    2.1961    2.1941    2.2975
    220000       5.540346
    230000         9.1341        -5.2263        14.3604
    230000         2.8220         6.7173
    230000    2.3468    2.8793    2.9399    1.3568    0.0413    2.6166    2.2369    2.3857    2.3771    0.0338    1.2816    0.7176    0.3159    0.1232    2.9300    0.5458    2.8408
    230000       5.796362
    240000         8.1832        -2.0709        10.2541
    240000         6.1608        18.9507
    240000    2.2406    2.9868    2.8902    2.9188    3.0437    2.7719    2.2959    2.5981    2.7009    0.3610    2.9473    0.4058    2.8967    2.2140    1.8362    2.2899    1.9034
    240000       6.064379
    250000        14.4213         0.3695        14.0518
    250000         4.5789        12.7371
    250000    2.1230    1.2402    2.5804    3.0762    3.0878    0.7929    2.9968    2.7679    1.8035    1.4241    3.0979    0.5263    2.9263    2.4686    2.6646    2.9761    2.6986
    250000       6.284393
    260000         6.8298        -2.1978         9.0276
    260000         3.3206        11.4506
    260000    1.7080    1.5050    1.4358    3.1079    3.0532    2.3807    1.2834    2.3486    2.6580    1.6122    2.2343    0.3673    2.5761    0.8398    2.5923    0.2729    2.0819
    260000       6.528408
    270000         6.9441        -9.3849        16.3289
    270000         2.1759         2.8405
    270000    1.9966    2.5649    1.6656    1.7404    3.0115    0.8740    2.2905    1.1515    2.8422    0.6681    1.2906    0.9375    1.0417    1.5309    2.8881    0.9823    1.9432
    270000       6.776423
    280000        14.2321        -2.3663        16.5984
    280000         3.9825        13.6039
    280000    1.9551    0.2280    2.9802    0.5441    2.6789    2.1075    3.0000    0.4802    0.3798    1.8060    2.4972    2.8571    2.6120    1.0123    2.5208    0.9654    3.0102
    280000       6.992437
    290000        10.1449        -4.9839        15.1289
    290000         3.8217         8.2512
    290000    2.1280    2.8526    2.9487    0.2220    2.3664    1.4740    1.8971    1.2948    2.8451    1.7689    3.1143    1.0210    2.7116    0.5472    1.4776    0.1695    3.0742
    290000       7.212451
    300000         9.0291        -3.4874        12.5165
    300000         4.6531        11.4274
    300000    2.3274    1.5563    2.8264    1.1320    3.0280    0.9004    2.0845    2.6678    2.6601    0.2148    3.0000    1.8041    2.7364    1.0183    1.8189    0.0021    2.2275
    300000       7.428464
    310000         7.2939        -6.6179        13.9118
    310000         4.8346        13.1516
    310000    2.1963    2.8159    3.0887    1.7648    2.9886    1.7441    2.3448    1.6123    2.6207    0.3583    3.0739    2.6199    2.8321    2.9835    1.9980    3.0590    2.2568
    310000       7.696481
    320000         9.0077        -5.7437        14.7514
    320000         1.6562         3.9000
    320000    1.7543    3.0742    1.5566    1.1428    2.3872    1.9851    0.9197    1.6223    1.7089    0.2035    0.4605    1.0564    1.7421    2.6757    2.6595    2.9332    0.8639
    320000       7.988499
    330000         3.9701        -6.1245        10.0946
    330000         5.5193        13.8625
    330000    2.1369    0.9615    2.6236    2.5220    3.0062    2.3070    2.9288    2.7352    2.9737    1.3846    1.9590    0.0698    2.9901    3.0224    3.0608    2.7383    2.8941
    330000       8.216513
    340000         9.0461        -1.8075        10.8537
    340000         1.7081         3.7581
    340000    1.5704    0.9146    3.1039    2.0679    2.2070    0.0974    0.9994    0.7754    2.6998    1.3494    2.6166    0.6718    3.0770    0.3321    1.8254    1.4144    1.4266
    340000       8.468529
    350000         6.5086        -1.6927         8.2012
    350000         5.0861        17.3869
    350000    2.0283    1.5889    0.1736    0.7282    2.8395    1.3685    2.0125    2.1443    2.2636    2.1285    2.7093    1.0651    2.9887    0.5135    2.9269    2.4405    0.0575
    350000       8.732546
    360000         8.6187        -1.9176        10.5363
    360000         4.5623        13.3564
    360000    2.0269    2.4396    3.0378    2.6924    3.0267    2.3444    2.2198    1.4022    3.0612    0.0745    2.2329    0.7726    2.3693    1.0952    1.3665    0.3870    1.9557
    360000       8.936558
    370000         8.9306        -2.6793        11.6098
    370000         4.6542        11.6258
    370000    2.2556    1.3399    2.9465    1.0360    2.8899    2.8528    2.8841    0.1814    2.8169    2.1939    2.2933    1.2923    3.1375    1.9169    2.8995    1.4432    3.0358
    370000       9.188574
    380000        11.4720        -1.8706        13.3426
    380000         4.9714        16.5477
    380000    1.4997    1.1800    2.0793    1.0346    3.1036    1.1209    2.6215    1.1844    2.1472    1.2517    3.1065    1.1711    2.8115    1.1926    2.7161    1.0515    2.8094
    380000       9.456591
    390000         7.6285        -1.6456         9.2741
    390000         4.1254        14.7144
    390000    1.2548    2.0506    3.0627    1.3932    1.7362    3.0908    2.5632    2.6629    2.4517    0.1603    2.7721    0.0575    2.9425    2.1155    2.4291    2.8467    2.1061
    390000       9.696606
    400000         7.6867        -2.1746         9.8613
    400000         6.2607        18.7969
    400000    2.2342    1.4202    3.1259    2.0548    3.0714    2.8146    2.9905    2.3474    2.9637    1.8257    1.1577    1.0226    2.8774    0.7040    1.0982    1.0700    2.5990
    400000       9.904619
    410000        12.0848        -3.0269        15.1117
    410000         4.4242        12.0735
    410000    1.8068    2.0787    2.0627    1.9484    2.6052    2.2194    0.6954    2.7351    0.1957    0.3681    3.1331    2.1480    2.7309    1.5562    2.6532    1.7667    2.6921
    410000      10.144634
    420000         8.5675        -6.0019        14.5694
    420000         2.5965         6.6367
    420000    1.9969    2.4684    0.9167    0.6680    2.7552    0.1356    1.0406    0.8036    2.9655    1.1077    0.8879    0.6709    1.9419    0.1975    1.9781    1.4760    2.7731
    420000      10.396650
    430000         7.2906        -3.1732        10.4638
    430000         4.2424        12.4103
    430000    2.3289    2.2722    2.8532    3.1197    2.8956    2.7176    2.7466    2.7423    2.6463    0.4038    2.8506    1.8939    3.0220    0.2854    2.9980    0.7177    2.0386
    430000      10.688668
    440000         6.9093        -1.6407         8.5501
    440000         6.5350        20.1305
    440000    1.8942    2.3899    2.7851    0.2498    2.9660    0.0324    2.9253    1.7350    2.6523    1.1013    3.0082    3.0127    2.8590    0.7654    2.3806    0.8418    3.0338
    440000      10.924683
    450000         6.4551        -6.4385        12.8936
    450000         4.6089        11.2224
    450000    2.0197    2.9926    3.0801    2.5868    2.8360    2.0936    2.2983    1.1673    2.9708    0.6963    2.9676    1.9138    2.2334    2.7031    2.6131    0.2121    0.0994
    450000      11.148697
    460000         5.1927        -7.6746        12.8673
    460000         2.7020         7.3044
    460000    2.3110    3.1064    2.4944    0.8552    2.9602    2.9588    2.4095    1.0435    2.3411    2.5518    1.4141    0.2817    2.8930    1.5203    2.2008    2.5747    0.9632
    460000      11.404713
    470000         5.1907        -1.8061         6.9968
    470000         6.2806        21.6896
    470000    2.1592    3.1246    3.0538    2.6436    3.1191    0.7303    3.0902    0.8737    2.8141    2.8698    2.5905    2.4123    2.7683    2.5291    2.7598    2.1583    3.0659
    470000      11.648728
    480000        11.9670        -1.9476        13.9146
    480000         5.8961        20.1385
    480000    2.2803    1.4236    2.9903    1.4383    2.3167    1.6305    2.0790    1.4119    3.0292    1.8542    2.8543    0.8908    3.0246    3.0288    2.5730    0.8992    2.5128
    480000      11.876742
    490000         9.9497        -2.0686        12.0183
    490000         6.8219        21.8721
    490000    2.2292    2.7647    2.7949    2.8726    3.1232    2.4157    2.4465    2.4595    3.1074    0.9029    2.9815    2.3162    2.9518    2.8638    2.7992    2.3556    2.2654
    490000      12.116757
    500000        11.3081        -6.6906        17.9987
    500000         5.5854        14.1927
    500000    1.7189    2.2360    2.8007    2.4388    2.7223    2.4315    2.0342    0.2452    3.0982    2.1324    3.0714    2.4821    2.7035    1.8955    2.6509    2.4289    3.0107
    500000      12.336771
    510000         5.7135        -1.6673         7.3808
    510000         6.6782        22.9958
    510000    2.2048    2.9864    2.7772    3.0089    3.0684    3.0721    2.8670    2.4521    2.8190    2.5399    1.9982    2.3172    3.1376    0.7555    2.9660    3.0791    2.6096
    510000      12.540784
    520000         8.2688        -1.5343         9.8031
    520000         7.3259        22.9166
    520000    2.2502    2.6367    2.7904    2.7698    3.0929    2.5292    3.0168    3.1229    3.0855    2.8504    2.1806    2.5314    2.8864    2.6734    2.7006    0.2127    2.9634
    520000      12.780799
    530000         8.6900        -2.4302        11.1202
    530000         7.1916        24.1263
    530000    2.2507    2.7957    2.7780    2.8536    3.0566    2.6509    2.1670    2.1092    2.9624    3.0700    3.0314    2.9790    1.9429    2.1914    2.7852    0.8851    2.9194
    530000      13.020814
    540000         7.7482        -2.7433        10.4915
    540000         5.2173        13.3169
    540000    2.2988    1.2785    2.4499    2.9859    2.9713    1.2272    2.8593    1.4011    3.0428    1.9291    2.7072    0.2644    3.0390    1.6785    2.8338    2.9285    2.6131
    540000      13.224826
    550000        10.6056        -3.4849        14.0905
    550000         4.8310        16.2642
    550000    2.3090    1.4623    2.8754    1.3962    2.9462    1.2456    3.0574    3.1274    2.4458    0.4283    2.4751    1.7106    2.5870    2.7378    1.0318    2.5264    2.3128
    550000      13.488843
    560000         9.0696        -2.0694        11.1390
    560000         5.5697        17.8351
    560000    2.1987    0.9235    2.8251    0.5226    3.0322    0.3397    2.8969    0.1861    3.0243    2.7930    2.8967    0.1008    2.8575    2.9195    2.9662    0.5656    2.4904
    560000      13.740859
    570000        13.5973        -2.0064        15.6037
    570000         4.3073        10.9546
    570000    2.1187    1.2115    2.8944    1.0498    2.8865    2.5895    2.7960    3.0052    2.8748    2.6406    2.9242    0.0605    1.2800    3.1223    2.7821    0.6043    2.6537
    570000      13.964873
    580000         9.4630        -2.8239        12.2869
    580000         2.9808         4.7810
    580000    2.2645    3.0544    2.0754    0.7204    2.9096    0.8012    2.3952    1.2757    2.3381    1.3515    2.4479    0.0918    3.0847    0.5155    3.0700    0.6020    2.9657
    580000      14.212888
    590000         4.6483        -1.9106         6.5589
    590000         3.7023        11.1847
    590000    2.3415    2.2260    2.8793    1.4441    2.5249    2.1213    1.9265    0.6606    2.8753    0.7335    2.7514    0.5534    3.1027    1.5126    2.7799    1.3579    1.0747
    590000      14.452903
    600000         7.2186        -2.0853         9.3039
    600000         7.5580        25.3757
    600000    2.2285    1.8998    3.0074    2.0822    2.9556    2.9283    2.9707    1.4997    3.0565    1.6884    3.0963    2.2418    3.0208    2.8213    2.7480    2.4556    3.1205
    600000      14.736921
    610000         8.6591        -2.1435        10.8026
    610000         5.2345        16.3901
    610000    2.2836    1.9088    3.0128    2.2074    2.8708    2.6231    3.0567    2.6809    2.9471    1.8390    2.1155    1.1410    2.7227    1.6647    0.7091    0.1771    1.0999
    610000      14.952934
    620000         7.2003        -1.7243         8.9246
    620000         5.6440        16.9776
    620000    2.1231    3.0620    3.1299    2.1365    2.3409    1.3345    2.4900    1.3800    2.9966    0.4008    2.8086    2.1530    3.0360    0.5771    3.1071    3.1330    1.8223
    620000      15.184949
    630000        11.5428        -2.4035        13.9464
    630000         4.2006        12.1235
    630000    2.2059    0.2363    3.1394    1.5706    2.9133    2.1521    3.0604    1.6267    2.9987    1.7874    2.9151    0.6501    2.6860    1.6699    1.4098    2.9364    2.9254
    630000      15.420964
    640000        12.8276        -2.4167        15.2443
    640000         7.3934        24.6709
    640000    2.0573    2.6884    2.7574    3.0541    3.0875    2.9678    2.3947    2.3743    2.7489    1.9672    3.0969    1.8724    3.0634    2.9574    1.8015    2.8566    2.4890
    640000      15.664979
    650000         6.6767        -1.5436         8.2203
    650000         4.3800        13.2695
    650000    2.1748    0.9126    2.8247    0.6715    3.0847    0.6873    2.6164    1.0558    3.1364    0.3746    2.8659    2.3908    2.8644    1.3341    1.7517    0.2037    2.3417
    650000      15.876992
    660000        11.2382        -1.9323        13.1704
    660000         5.1245        17.9714
    660000    1.2027    1.2377    1.6374    1.0363    2.8602    2.9067    2.5434    2.4399    3.0662    3.0275    2.0567    1.8779    2.5659    0.6393    2.9727    2.6820    2.7564
    660000      16.097006
    670000         7.8177        -1.6921         9.5098
    670000         5.7640        19.6672
    670000    1.9251    1.8971    1.4805    2.2668    2.7957    1.5192    1.9293    1.9956    3.0279    1.5776    2.9790    1.6531    2.7006    1.0153    3.0340    0.9837    3.1102
    670000      16.313019
    680000        12.2973        -1.7948        14.0921
    680000         6.1817        20.3108
    680000    1.9600    3.1409    3.0491    1.0713    3.0760    0.8103    2.6664    1.2136    2.2012    3.1152    2.5359    2.4575    3.1357    2.4718    2.6108    3.0814    1.8739
    680000      16.545034
    690000        11.1805        -2.0597        13.2402
    690000         5.7434        20.1957
    690000    2.2106    1.9620    3.0101    2.1016    2.9623    2.3732    2.9767    2.0391    3.1371    1.8946    2.9729    3.0330    2.8218    2.4306    1.9061    2.1146    2.5926
    690000      16.785049
    700000         8.5255        -2.6664        11.1920
    700000         5.5672        14.1304
    700000    2.3687    2.2604    3.0714    2.9526    3.0131    2.6647    2.9995    1.9933    2.7232    0.3684    2.9135    2.9427    3.0045    2.9385    2.9587    2.8372    3.0871
    700000      17.049065
    710000         9.6009        -3.6972        13.2981
    710000         3.3274         1.9095
    710000    2.0442    2.7151    2.7714    2.7014    2.7396    0.3643    2.1559    1.8958    1.6704    3.0775    2.4054    2.1541    2.2834    1.1958    3.0054    3.0063    2.9698
    710000      17.277080
    720000         5.4610        -5.8781        11.3391
    720000         5.5506        14.2828
    720000    2.1248    2.5031    2.7924    2.9812    3.0766    1.8881    2.5112    2.7885    2.9768    0.0832    3.1296    2.7777    3.0152    2.9111    2.0939    3.1109    2.4905
    720000      17.561097
    730000        11.6634        -1.6552        13.3186
    730000         3.4301        10.4134
    730000    1.2967    1.2649    0.7625    1.0990    2.3928    2.4465    2.6656    1.8411    3.1219    1.0180    1.4899    0.2682    2.7664    0.6199    3.0473    2.1979    0.7715
    730000      17.841115
    740000        14.0484        -2.3196        16.3680
    740000         3.7261        11.2572
    740000    1.9021    2.5486    3.1189    2.2936    2.6052    1.9169    3.1165    0.6504    2.3810    0.6145    1.4579    2.1163    2.5809    0.0270    0.1944    0.7943    2.3932
    740000      18.097131
    750000        11.4227        -0.8607        12.2834
    750000         2.7222         6.9053
    750000    2.0968    1.5239    2.9467    2.0177    2.3353    2.6380    1.4625    1.7013    2.3344    0.9373    0.4269    0.8673    1.5103    0.4737    1.7541    1.4191    1.7722
    750000      18.297143
    760000         4.2934        -1.7644         6.0578
    760000         5.1062        17.8056
    760000    2.1798    0.8834    2.7583    0.4123    2.7205    0.9632    3.1220    0.6628    2.7917    2.3361    2.6053    1.2399    3.1225    1.1637    2.2834    2.4801    2.1259
    760000      18.501156
    770000         8.4071        -2.6029        11.0100
    770000         5.4713        16.2761
    770000    1.5969    1.1791    1.0082    1.8378    2.9645    2.3738    1.1613    2.2417    2.8174    2.4220    2.6772    1.9844    3.0358    0.4048    2.0656    0.0468    2.7526
    770000      18.781174
    780000         4.9960        -6.2779        11.2739
    780000         5.4223        13.8441
    780000    2.1153    1.0295    2.9449    0.9831    2.9395    2.3654    3.0561    2.8841    3.0498    0.6049    2.4312    1.2032    3.0478    1.7890    3.1047    2.4309    3.0247
    780000      19.041190
    790000        12.5882        -1.6524        14.2406
    790000         3.2848        11.1175
    790000    1.7562    0.5074    1.8683    0.5706    2.8935    0.5667    2.9417    0.0943    3.1056    0.3025    1.5530    0.3645    3.0586    2.7469    3.0704    1.2947    2.3312
    790000      19.305206
    800000        10.5443        -4.9394        15.4836
    800000         5.3066        12.4256
    800000    1.6589    2.9828    2.5003    2.1427    2.8438    2.2586    2.8871    2.4075    3.1322    0.5972    2.0084    1.4839    3.1348    2.5698    3.0705    2.7569    2.8968
    800000      19.565223
    810000         8.6705        -6.3811        15.0516
    810000         4.0127        11.8639
    810000    2.2454    2.7719    2.7731    3.0747    3.1206    0.6506    2.4725    0.5179    2.9575    1.3840    2.8183    3.0648    1.6068    2.8050    2.9014    0.4624    1.8856
    810000      19.829239
    820000        11.8789        -2.9926        14.8715
    820000         2.4199         4.6320
    820000    1.6282    2.3459    3.1318    2.2976    1.8880    2.2256    2.6254    1.5367    2.3387    2.4910    1.5466    0.7531    2.8793    2.6060    2.0855    2.0791    3.0611
    820000      20.053253
    830000        11.7155        -2.2898        14.0053
    830000         5.0145        10.2434
    830000    1.9832    2.1244    1.8225    1.0931    3.0015    2.0339    2.4053    2.1082    2.2269    2.9531    1.0608    2.8671    2.9773    2.1535    1.6980    1.0092    2.8343
    830000      20.281267
    840000         8.4215        -1.6584        10.0798
    840000         5.9983        18.6544
    840000    1.5241    1.6640    2.7328    1.4081    0.5509    1.1835    2.6862    1.7138    1.9795    0.9091    2.6160    2.4803    3.0474    2.9258    2.8907    0.2355    1.1608
    840000      20.513282
    850000         8.0205        -2.0895        10.1101
    850000         2.5732         8.6497
    850000    2.1199    2.8289    2.2917    1.8431    2.5459    1.2415    0.4851    0.7274    2.7898    0.9865    2.7131    0.5374    0.0523    1.2499    2.7710    0.3772    1.9665
    850000      20.765298
    860000         7.7956        -6.3210        14.1166
    860000         4.9052        12.3812
    860000    1.2400    3.0292    2.7366    1.2587    3.1236    2.1092    2.9410    2.2215    2.9899    0.7004    1.3108    1.6164    2.9828    2.1627    2.8060    2.4032    2.8473
    860000      20.997312
    870000        13.0653        -3.9593        17.0246
    870000         3.4592         7.7572
    870000    2.2177    3.0089    2.5746    3.0819    2.7943    1.3465    3.1247    1.7120    2.8200    1.7683    2.4416    1.2140    1.3593    2.3347    3.0818    0.7107    1.7042
    870000      21.217326
    880000         6.5862        -3.7933        10.3795
    880000         5.6093        13.8930
    880000    1.7520    1.9650    2.8673    1.7952    2.5560    2.2137    2.6980    0.2993    3.0750    2.4911    2.3394    2.0435    2.9855    1.5433    2.9507    2.3008    2.2660
    880000      21.469342
    890000         5.4797        -1.4272         6.9069
    890000         2.7591         7.8942
    890000    2.1996    0.9093    2.4305    0.9781    2.7734    0.5992    3.0102    0.9106    3.0461    0.2985    3.0533    0.3087    2.9983    0.0833    1.6536    1.4150    1.8318
    890000      21.717357
    900000         7.3137        -7.9767        15.2904
    900000         3.7858         9.5832
    900000    2.3282    1.7465    2.9733    1.5660    2.8498    2.5118    2.4996    2.7566    2.4389    1.0106    1.6550    1.3820    2.4768    1.4730    1.4017    1.5878    1.8416
    900000      21.965373
    910000        15.9019        -1.9026        17.8045
    910000         6.7095        21.9396
    910000    2.1656    1.8741    2.4684    0.8446    2.6476    1.9172    2.9938    1.8234    3.1098    2.1968    3.1403    2.5303    2.7890    2.9721    2.9619    2.8346    2.8261
    910000      22.185386
    920000         6.7896        -1.7272         8.5168
    920000         3.0440        11.0417
    920000    1.5143    1.3062    0.6102    0.5051    2.4466    1.3756    1.5102    1.7463    2.9353    0.8833    2.7425    1.0865    1.4140    0.0337    2.9343    1.8570    2.4674
    920000      22.421401
    930000         9.8235        -1.7491        11.5726
    930000         3.2130         7.2002
    930000    1.8321    1.9961    2.4833    1.6434    0.9521    1.1644    0.4956    1.5209    1.1396    1.8392    1.4184    0.1215    2.1668    1.7219    2.6865    0.0773    2.7529
    930000      22.665416
    940000         4.8429        -1.2617         6.1045
    940000         5.8741        17.4260
    940000    1.7262    2.0156    2.8669    1.4249    3.0828    1.2856    2.9125    1.6138    3.0565    2.0669    3.0483    2.8260    2.6262    2.4742    3.0680    2.0459    2.7340
    940000      22.905431
    950000        10.6742        -1.6460        12.3202
    950000         2.5409         5.9639
    950000    2.1556    1.0707    1.9116    1.1235    2.5712    2.2993    0.9926    0.8083    2.6322    0.0774    3.1162    0.2481    3.1258    0.4378    2.0568    0.4160    1.8243
    950000      23.113444
    960000        10.6696        -2.4928        13.1624
    960000         2.4991         9.0032
    960000    2.1998    0.6574    2.2688    2.6841    3.0929    0.2315    1.0280    1.0484    1.1401    0.8003    2.8941    0.2507    0.8659    0.7048    3.0154    1.5307    3.0998
    960000      23.353459
    970000         8.4649        -2.2439        10.7088
    970000         5.1237        15.6573
    970000    2.2890    2.9615    3.0592    0.6885    2.9392    2.9693    2.7528    1.1685    2.2056    1.1944    3.0426    0.6098    2.8862    0.2461    3.1069    0.1604    3.1130
    970000      23.597475
    980000         9.4920        -3.9807        13.4727
    980000         4.6012        11.2336
    980000    1.7022    2.1646    2.5505    2.6980    3.1031    0.6555    2.4231    0.5140    2.5454    2.7213    2.9640    1.4510    2.9361    1.1259    2.9914    0.5239    0.6167
    980000      23.817488
    990000        10.1162        -2.8795        12.9958
    990000         2.5963         8.5003
    990000    1.7632    1.3811    2.7413    0.1790    3.0403    0.2191    0.6894    2.8217    1.2381    1.3400    0.4361    0.9533    1.6566    1.0958    1.4126    1.6127    2.9685
    990000      24.069504
   1000000        11.4484        -2.0725        13.5208
   1000000         6.0052        19.2891
   1000000    1.7573    2.1327    2.8126    2.1732    2.4709    3.0950    2.7067    1.5034    3.1409    0.8957    2.9098    0.4531    2.9615    2.5343    2.3252    0.8148    1.6338
   1000000      24.285518
