# Step E_total E_lj E_tors
         1       186.8004       -41.8735       228.6738
     10000       105.8233       -43.9170       149.7404
     20000       123.6121       -44.0650       167.6771
     30000       129.2766       -43.8833       173.1599
     40000       105.3284       -66.6892       172.0176
     50000       110.4982       -71.0656       181.5638
     60000       108.2221       -75.4030       183.6251
     70000        94.2760       -77.6187       171.8948
     80000        98.0324       -73.1065       171.1389
     90000        93.4334       -76.6866       170.1200
    100000        82.7956       -78.9843       161.7800
    110000        85.7998       -78.2319       164.0317
    120000       103.6405       -77.0172       180.6578
    130000        96.6101       -77.1064       173.7165
    140000        88.0280       -78.2807       166.3086
    150000        84.2391       -77.8978       162.1369
    160000        82.2152       -81.0316       163.2467
    170000        87.5190       -79.8436       167.3625
    180000        83.5319       -81.3065       164.8384
    190000        99.3902       -77.7218       177.1120
    200000        95.3984       -80.4467       175.8451
    210000       102.0658       -81.5206       183.5863
    220000       102.6926       -83.2429       185.9356
    230000        96.3491       -83.6403       179.9894
    240000        90.9085       -82.8771       173.7855
    250000        91.6032       -81.7026       173.3058
    260000        96.6919       -81.3112       178.0032
    270000        96.8739       -80.6725       177.5464
    280000        95.2652       -80.6755       175.9408
    290000        84.2548       -96.3262       180.5810
    300000        82.9270       -96.3100       179.2370
    310000        79.7922       -97.8130       177.6052
    320000        77.5632       -99.6064       177.1696
    330000        78.2132      -100.9019       179.1150
    340000        85.2468       -97.9990       183.2457
    350000        78.3366       -99.2401       177.5767
    360000        80.5920      -100.7447       181.3366
    370000        76.4501      -101.9612       178.4113
    380000        79.6141      -100.5686       180.1827
    390000        76.7076      -102.0005       178.7081
    400000        76.5516      -104.4098       180.9613
    410000        77.5068      -103.5734       181.0802
    420000        74.7060      -104.9801       179.6860
    430000        77.2315      -102.5632       179.7947
    440000        78.8590      -102.0797       180.9386
    450000        76.1669      -102.8806       179.0475
    460000        77.3773      -102.0978       179.4751
    470000        77.8062      -102.9056       180.7118
    480000        75.5544      -103.1699       178.7244
    490000        72.3464      -102.7189       175.0653
    500000        76.6485      -102.3564       179.0049
    510000        77.1535      -102.0479       179.2013
    520000        74.1670      -104.3209       178.4879
    530000        75.9142      -102.3945       178.3087
    540000        79.8297      -102.5140       182.3437
    550000        80.2823       -98.0081       178.2903
    560000        76.3271      -101.6223       177.9495
    570000        75.2435      -103.0049       178.2484
    580000        70.4512      -104.4238       174.8750
    590000        72.2202      -102.6100       174.8302
    600000        73.9801      -102.2581       176.2382
    610000        79.9449       -98.5392       178.4841
    620000        80.4650       -99.7305       180.1955
    630000        87.2101       -99.8501       187.0602
    640000        78.9275      -102.4973       181.4248
    650000        75.7866      -103.3225       179.1090
    660000        79.3081      -102.7673       182.0755
    670000        79.8669      -100.8684       180.7353
    680000        82.7423      -104.6389       187.3813
    690000        74.5608      -103.7808       178.3416
    700000        78.7066      -100.2545       178.9610
    710000        75.8003      -102.7726       178.5729
    720000        74.8387      -103.2112       178.0499
    730000        77.1062       -99.4308       176.5371
    740000        78.2139      -101.0444       179.2583
    750000        77.4567      -100.8873       178.3440
    760000        71.7064      -105.2367       176.9432
    770000        73.8556      -103.8834       177.7390
    780000        71.1313      -103.4409       174.5721
    790000        72.4750      -104.6122       177.0873
    800000        74.5234      -102.3472       176.8706
    810000        69.5409      -105.1699       174.7108
    820000        73.3773      -100.1744       173.5518
    830000        73.4960      -103.6453       177.1413
    840000        73.2025      -104.2418       177.4444
    850000        85.1851      -101.1181       186.3032
    860000        74.8320      -104.1396       178.9715
    870000        73.7797      -104.0961       177.8758
    880000        74.2694      -104.1778       178.4472
    890000        75.3121      -103.7200       179.0321
    900000        72.0802      -102.2563       174.3365
    910000        76.6632       -98.8822       175.5454
    920000        83.5646       -96.2569       179.8216
    930000        77.7037      -102.0822       179.7859
    940000        73.6698      -104.3131       177.9829
    950000        76.7676      -105.1690       181.9366
    960000        72.8871      -105.7350       178.6222
    970000        75.3650      -102.5588       177.9239
    980000        76.1951      -102.9741       179.1691
    990000        73.8039      -102.6891       176.4929
   1000000        73.2647      -104.7515       178.0162
   1010000        72.2501      -104.0531       176.3032
   1020000        71.7952      -106.4636       178.2588
   1030000        71.8027      -104.3482       176.1509
   1040000        72.1541      -107.0116       179.1657
   1050000        72.0430      -103.4945       175.5375
   1060000        71.3624      -106.4711       177.8336
   1070000        68.2884      -108.1268       176.4152
   1080000        69.6519      -109.3602       179.0120
   1090000        69.9635      -107.5272       177.4908
   1100000        68.9580      -105.8147       174.7728
   1110000        75.4961      -102.9964       178.4925
   1120000        73.5387      -106.0371       179.5759
   1130000        72.6854      -105.5496       178.2351
   1140000        73.4075      -107.3336       180.7411
   1150000        79.1044      -101.6422       180.7466
   1160000        76.0091      -103.0234       179.0325
   1170000        73.3098      -103.3209       176.6308
   1180000        70.0634      -103.5332       173.5966
   1190000        69.9994      -103.7598       173.7592
   1200000        70.4775      -105.0200       175.4975
   1210000        69.1202      -106.4692       175.5894
   1220000        70.5682      -105.1256       175.6939
   1230000        75.5123      -101.6113       177.1236
   1240000        80.2275       -99.8863       180.1138
   1250000        69.0214      -104.9726       173.9939
   1260000        72.4249      -102.1856       174.6105
   1270000        72.0235      -104.0712       176.0947
   1280000        68.6998      -105.4590       174.1588
   1290000        75.8372       -99.3117       175.1489
   1300000        73.8594      -101.3140       175.1735
   1310000        68.6818      -106.4303       175.1120
   1320000        67.9052      -104.9919       172.8971
   1330000        69.2089      -102.7303       171.9393
   1340000        71.8622      -102.5897       174.4519
   1350000        75.4373      -101.7175       177.1548
   1360000        78.4189      -100.5389       178.9578
   1370000        77.6717       -99.3300       177.0018
   1380000        70.0918      -103.3923       173.4841
   1390000        69.4845      -102.9138       172.3983
   1400000        74.2810      -100.4506       174.7316
   1410000        75.0006       -99.0452       174.0459
   1420000        71.5339      -101.3446       172.8785
   1430000        72.8767      -101.4739       174.3506
   1440000        72.6384      -101.3479       173.9864
   1450000        78.1142       -97.6016       175.7158
   1460000        77.9546       -95.0770       173.0316
   1470000        75.0629       -98.2312       173.2941
   1480000        66.6713      -104.8360       171.5073
   1490000        69.7714      -105.0558       174.8272
   1500000        72.6601      -103.7293       176.3894
   1510000        86.3134       -94.1058       180.4192
   1520000        79.3456      -100.3675       179.7131
   1530000        75.5244      -104.8813       180.4056
   1540000        72.6184      -103.6247       176.2431
   1550000        74.1351      -103.5375       177.6726
   1560000        76.2201      -104.3289       180.5490
   1570000        70.6974      -106.3443       177.0417
   1580000        76.3418      -103.6282       179.9699
   1590000        84.9968       -98.4622       183.4590
   1600000        77.5394      -101.6306       179.1700
   1610000        75.0073      -106.0078       181.0152
   1620000        78.1681      -101.5733       179.7414
   1630000        73.9878      -106.8481       180.8359
   1640000        75.3372      -106.9581       182.2954
   1650000        77.3751      -104.8350       182.2101
   1660000        76.5148      -105.7160       182.2308
   1670000        76.4365      -107.0413       183.4778
   1680000        72.7391      -109.0967       181.8358
   1690000        76.2522      -108.0204       184.2726
   1700000        80.8456      -104.4069       185.2525
   1710000        75.7762      -105.3325       181.1087
   1720000        74.5639      -106.4569       181.0208
   1730000        76.1886      -103.4046       179.5932
   1740000        77.0517      -102.7088       179.7605
   1750000        75.6324      -105.1590       180.7914
   1760000        75.3489      -104.0557       179.4046
   1770000        72.2735      -107.8156       180.0890
   1780000        78.2185      -105.1811       183.3996
   1790000        75.3697      -107.6527       183.0224
   1800000        73.1142      -112.0072       185.1214
   1810000        71.1753      -110.6707       181.8459
   1820000        71.4217      -108.8861       180.3078
   1830000        72.6219      -105.8346       178.4565
   1840000        77.2984      -103.9796       181.2780
   1850000        74.3712      -106.4958       180.8670
   1860000        72.5815      -105.8239       178.4055
   1870000        72.2632      -107.8760       180.1392
   1880000        78.7235      -105.1142       183.8377
   1890000        87.4281      -100.8628       188.2909
   1900000        78.8241      -104.1145       182.9386
   1910000        72.6859      -108.0743       180.7602
   1920000        73.9223      -106.4700       180.3923
   1930000        77.5662      -102.6388       180.2050
   1940000        77.8637      -103.9532       181.8169
   1950000        75.8127      -106.4077       182.2204
   1960000        74.2055      -106.4448       180.6503
   1970000        79.4498      -104.6924       184.1422
   1980000        81.8011      -104.7579       186.5589
   1990000        74.5511      -108.5717       183.1229
   2000000        77.1731      -110.0578       187.2309
   2010000        74.4629      -108.9475       183.4104
   2020000        77.3967      -107.5470       184.9436
   2030000        76.0381      -108.7654       184.8036
   2040000        77.5079      -107.3873       184.8952
   2050000        72.7811      -110.4338       183.2149
   2060000        77.7975      -108.9197       186.7172
   2070000        74.4612      -108.5965       183.0577
   2080000        75.5065      -109.2890       184.7955
   2090000        84.5932      -102.0228       186.6160
   2100000        77.8209      -107.9179       185.7389
   2110000        76.2976      -108.9302       185.2279
   2120000        75.8604      -107.2361       183.0965
   2130000        79.2638      -107.0879       186.3517
   2140000        80.4613      -106.8978       187.3591
   2150000        78.4464      -105.2311       183.6775
   2160000        81.5229      -102.3325       183.8554
   2170000        86.4494      -101.0562       187.5057
   2180000        85.0262      -101.2170       186.2432
   2190000        76.3263      -103.9958       180.3220
   2200000        77.4386      -103.0176       180.4561
   2210000        75.4805      -108.1161       183.5967
   2220000        75.4405      -106.8701       182.3106
   2230000        73.9890      -107.7814       181.7704
   2240000        74.3476      -108.1973       182.5449
   2250000        77.8201      -107.3841       185.2043
   2260000        74.7124      -108.0146       182.7270
   2270000        75.9250      -108.8889       184.8139
   2280000        76.1949      -104.6195       180.8145
   2290000        77.3766      -106.9412       184.3179
   2300000        78.1038      -106.0487       184.1525
   2310000        76.6984      -105.3862       182.0846
   2320000        80.1925      -104.0891       184.2817
   2330000        76.6580      -108.5053       185.1633
   2340000        74.7349      -108.8298       183.5647
   2350000        78.0912      -109.1681       187.2592
   2360000        74.6928      -107.3094       182.0023
   2370000        77.1151      -105.9527       183.0679
   2380000        74.6038      -110.4225       185.0263
   2390000        72.3641      -112.1843       184.5483
   2400000        74.9828      -109.4392       184.4220
   2410000        74.6753      -108.2668       182.9421
   2420000        75.6105      -107.7655       183.3760
   2430000        77.6208      -105.5184       183.1392
   2440000        76.1590      -107.0035       183.1626
   2450000        77.7234      -104.8358       182.5592
   2460000        85.4609      -102.5810       188.0419
   2470000        83.2439      -107.4300       190.6739
   2480000        79.1085      -103.5901       182.6986
   2490000        77.5202      -107.2497       184.7699
   2500000        80.4106      -103.8536       184.2642
   2510000        82.8094      -102.9378       185.7472
   2520000        83.7648      -105.4912       189.2560
   2530000        81.4993      -106.4029       187.9022
   2540000        82.1190      -106.6545       188.7735
   2550000        84.4897      -104.3575       188.8473
   2560000        85.6512      -103.6552       189.3064
   2570000        85.8867      -101.1918       187.0785
   2580000        77.4160      -108.8920       186.3080
   2590000        74.7400      -109.0199       183.7599
   2600000        77.2659      -107.8859       185.1519
   2610000        76.8411      -105.3227       182.1638
   2620000        73.2523      -109.1190       182.3713
   2630000        79.8090      -106.3789       186.1879
   2640000        84.3089      -105.1344       189.4433
   2650000        85.6667      -102.2017       187.8684
   2660000        78.7751      -107.6602       186.4353
   2670000        83.3243      -109.0282       192.3525
   2680000        88.7719      -108.2276       196.9994
   2690000        94.2842      -104.5919       198.8761
   2700000        89.2277      -103.8056       193.0333
   2710000        93.2037      -100.5330       193.7367
   2720000        84.0527      -109.0154       193.0681
   2730000        83.3493      -107.8820       191.2313
   2740000        80.7925      -109.0460       189.8385
   2750000        83.8646      -107.0234       190.8881
   2760000        85.2291      -105.5714       190.8005
   2770000        78.1265      -107.3594       185.4859
   2780000        81.8022      -107.3024       189.1046
   2790000        82.6133      -102.2528       184.8661
   2800000        79.9003      -105.9314       185.8317
   2810000        82.5117      -105.3078       187.8195
   2820000        86.7947      -103.8222       190.6169
   2830000        94.7183      -100.1291       194.8474
   2840000        88.5419       -99.2345       187.7763
   2850000        78.7992      -104.1740       182.9732
   2860000        83.0269      -104.9604       187.9874
   2870000        90.5468      -105.8315       196.3783
   2880000        85.2677      -104.9351       190.2028
   2890000        85.8685      -105.3905       191.2590
   2900000        80.0683      -110.4483       190.5166
   2910000        81.9154      -109.9613       191.8767
   2920000        81.0610      -108.2611       189.3221
   2930000        80.6833      -108.1695       188.8528
   2940000        83.0462      -106.7787       189.8249
   2950000        84.3215      -106.0934       190.4149
   2960000        82.1034      -109.5887       191.6921
   2970000        79.0737      -109.2365       188.3101
   2980000        80.3759      -106.9694       187.3454
   2990000        79.0710      -107.9986       187.0696
   3000000        81.2628      -108.5990       189.8618
   3010000        80.3985      -108.6460       189.0445
   3020000        82.2611      -107.3424       189.6035
   3030000        88.8098      -101.0481       189.8579
   3040000        85.1853      -105.8238       191.0092
   3050000        81.0826      -108.5166       189.5993
   3060000        84.4910      -106.0854       190.5764
   3070000        76.5643      -109.9504       186.5146
   3080000        77.8369      -108.0743       185.9112
   3090000        81.9511      -108.6573       190.6083
   3100000        84.5702      -104.7267       189.2969
   3110000        81.2159      -107.6694       188.8854
   3120000        79.2929      -109.5809       188.8739
   3130000        81.9104      -108.3970       190.3074
   3140000        80.6931      -107.8281       188.5212
   3150000        76.6972      -112.5307       189.2279
   3160000        78.5933      -108.5636       187.1569
   3170000        75.1902      -112.9386       188.1288
   3180000        77.6840      -108.8170       186.5010
   3190000        81.4808      -108.2978       189.7786
   3200000        85.3300      -107.6926       193.0226
   3210000        75.6769      -113.3716       189.0485
   3220000        85.0981      -106.8417       191.9398
   3230000        81.1463      -107.5299       188.6762
   3240000        79.4255      -110.7303       190.1558
   3250000        78.7484      -110.2177       188.9662
   3260000        79.9081      -109.4166       189.3247
   3270000        83.7916      -108.5914       192.3830
   3280000        87.7056      -107.4545       195.1601
   3290000        87.0498      -106.7169       193.7667
   3300000        83.0454      -110.5677       193.6132
   3310000        80.9121      -110.7400       191.6521
   3320000        81.5001      -113.9994       195.4996
   3330000        79.9868      -113.7206       193.7074
   3340000        81.8463      -113.9238       195.7701
   3350000        87.8362      -113.5551       201.3913
   3360000        81.9349      -114.2540       196.1888
   3370000        79.7361      -116.0772       195.8133
   3380000        79.2419      -114.8769       194.1188
   3390000        84.0160      -115.5224       199.5384
   3400000        83.8843      -115.0849       198.9692
   3410000        83.4496      -113.7751       197.2247
   3420000        83.7753      -113.3947       197.1699
   3430000        77.3607      -114.5279       191.8886
   3440000        81.3922      -113.4932       194.8854
   3450000        76.7549      -115.3460       192.1009
   3460000        77.8136      -114.9175       192.7311
   3470000        85.7024      -108.1314       193.8338
   3480000        83.4629      -112.1820       195.6449
   3490000        83.5662      -111.9387       195.5049
   3500000        81.6283      -112.9294       194.5578
   3510000        91.6476      -108.2869       199.9345
   3520000        86.4222      -107.9082       194.3303
   3530000        81.8520      -112.4636       194.3156
   3540000        85.0769      -110.6033       195.6802
   3550000        88.0774      -110.4104       198.4878
   3560000        83.6324      -113.3180       196.9504
   3570000        86.1923      -110.4793       196.6716
   3580000        83.8273      -113.6189       197.4462
   3590000        85.9642      -109.9598       195.9241
   3600000        82.7899      -112.1921       194.9820
   3610000        81.6348      -114.2451       195.8799
   3620000        78.3433      -116.6837       195.0270
   3630000        78.3286      -115.1142       193.4428
   3640000        78.5276      -112.5248       191.0524
   3650000        79.5987      -111.5139       191.1126
   3660000        75.9232      -114.9346       190.8578
   3670000        76.3369      -112.5965       188.9334
   3680000        80.4180      -110.9676       191.3855
   3690000        83.3160      -107.8846       191.2005
   3700000        92.4819      -107.7459       200.2278
   3710000        83.2761      -113.7621       197.0382
   3720000        85.6977      -108.0170       193.7147
   3730000        77.8852      -115.0760       192.9613
   3740000        80.5730      -116.5649       197.1379
   3750000        79.3238      -114.7136       194.0374
   3760000        81.3765      -114.2940       195.6705
   3770000        89.1915      -104.8501       194.0416
   3780000        86.4883      -111.3677       197.8560
   3790000        82.4566      -110.7428       193.1994
   3800000        84.8561      -109.6197       194.4758
   3810000        80.7394      -114.4358       195.1752
   3820000        81.8301      -115.0618       196.8919
   3830000        87.4969      -110.9724       198.4694
   3840000        82.2835      -112.2772       194.5608
   3850000        84.4385      -112.9249       197.3634
   3860000        82.7511      -114.5279       197.2789
   3870000        83.1728      -114.0946       197.2673
   3880000        88.2547      -113.2623       201.5170
   3890000        82.3564      -115.9385       198.2949
   3900000        84.3608      -112.2609       196.6216
   3910000        87.7368      -112.3267       200.0635
   3920000        88.4519      -114.9280       203.3799
   3930000        84.5037      -113.4591       197.9628
   3940000        83.8481      -115.3459       199.1941
   3950000        84.9994      -116.9640       201.9633
   3960000        88.4747      -115.0350       203.5097
   3970000        94.4546      -113.6263       208.0810
   3980000        86.1372      -118.5341       204.6712
   3990000        85.5198      -114.6006       200.1204
   4000000        92.0034      -111.8262       203.8296
   4010000        83.9870      -117.8569       201.8439
   4020000        87.0922      -113.1809       200.2731
   4030000        83.0655      -113.9166       196.9821
   4040000        85.4569      -115.0955       200.5524
   4050000        84.8565      -114.2513       199.1079
   4060000        79.6699      -115.7447       195.4146
   4070000        82.9664      -117.4729       200.4393
   4080000        84.1985      -113.4656       197.6641
   4090000        82.6629      -114.3218       196.9847
   4100000        78.2565      -113.4976       191.7541
   4110000        85.2781      -109.8380       195.1161
   4120000        88.2146      -104.5486       192.7632
   4130000        83.9584      -112.2139       196.1723
   4140000        88.6742      -111.9131       200.5873
   4150000        84.5155      -113.0374       197.5529
   4160000        80.3010      -111.7262       192.0272
   4170000        76.9602      -113.0265       189.9866
   4180000        79.7759      -114.1118       193.8877
   4190000        78.8572      -113.3623       192.2195
   4200000        77.7730      -114.4991       192.2721
   4210000        82.3972      -115.0501       197.4473
   4220000        83.0045      -112.9074       195.9119
   4230000        79.0995      -114.1453       193.2447
   4240000        76.6239      -116.7188       193.3427
   4250000        79.9336      -113.8974       193.8310
   4260000        75.2296      -115.8645       191.0941
   4270000        80.0516      -112.9049       192.9565
   4280000        82.1403      -112.4802       194.6205
   4290000        79.8837      -112.0077       191.8914
   4300000        81.3901      -107.8396       189.2297
   4310000        81.1890      -111.0995       192.2885
   4320000        85.2032      -109.5391       194.7423
   4330000        79.6298      -111.8590       191.4888
   4340000        78.8402      -111.6504       190.4907
   4350000        80.4455      -110.7160       191.1615
   4360000        86.8451      -109.2923       196.1374
   4370000        83.9213      -111.8682       195.7895
   4380000        84.7306      -109.3450       194.0756
   4390000        82.8857      -109.4763       192.3620
   4400000        84.8763      -111.3379       196.2142
   4410000        91.4502      -109.0881       200.5383
   4420000        81.4377      -113.4204       194.8581
   4430000        76.7701      -112.8304       189.6005
   4440000        76.8945      -114.0621       190.9567
   4450000        80.5048      -115.7152       196.2200
   4460000        77.4385      -114.6453       192.0837
   4470000        85.0828      -110.7753       195.8581
   4480000        79.7115      -114.0875       193.7990
   4490000        75.7940      -114.5363       190.3303
   4500000        77.9317      -116.6373       194.5691
   4510000        78.3886      -112.9224       191.3110
   4520000        81.3633      -112.3238       193.6871
   4530000        86.5531      -108.0093       194.5625
   4540000        74.1375      -113.5725       187.7100
   4550000        78.1550      -112.5863       190.7412
   4560000        78.0714      -112.0955       190.1668
   4570000        78.7912      -112.3077       191.0989
   4580000        74.6266      -113.2021       187.8288
   4590000        75.6225      -113.6507       189.2732
   4600000        73.9194      -113.1112       187.0307
   4610000        76.4758      -111.3307       187.8065
   4620000        77.1473      -110.9855       188.1328
   4630000        73.1265      -116.5839       189.7104
   4640000        77.2065      -112.5296       189.7361
   4650000        78.0931      -112.1120       190.2050
   4660000        82.8995      -108.0443       190.9439
   4670000        80.7432      -110.9200       191.6632
   4680000        80.6953      -110.1434       190.8386
   4690000        83.3219      -111.9973       195.3192
   4700000        81.5106      -111.7601       193.2708
   4710000        83.7355      -111.0123       194.7479
   4720000        76.9568      -114.2790       191.2358
   4730000        77.9599      -111.8430       189.8029
   4740000        78.4159      -110.0802       188.4961
   4750000        76.5665      -113.2874       189.8540
   4760000        77.4203      -111.0434       188.4637
   4770000        80.2116      -109.7211       189.9326
   4780000        77.2962      -109.9938       187.2901
   4790000        77.8297      -109.3008       187.1306
   4800000        77.6947      -108.1157       185.8104
   4810000        82.8404      -107.7374       190.5778
   4820000        84.1834      -105.4643       189.6477
   4830000        80.8385      -110.3103       191.1488
   4840000        79.7304      -107.3405       187.0708
   4850000        86.4227      -104.7988       191.2215
   4860000        79.5713      -110.5827       190.1540
   4870000        78.7511      -111.3186       190.0697
   4880000        84.8077      -105.2796       190.0872
   4890000        79.9392      -108.9805       188.9198
   4900000        82.7704      -109.1810       191.9514
   4910000        89.4515      -106.9870       196.4385
   4920000        78.4045      -109.7243       188.1288
   4930000        72.1312      -111.9180       184.0493
   4940000        77.3005      -109.9135       187.2140
   4950000        74.4805      -109.6521       184.1326
   4960000        78.0060      -106.6065       184.6125
   4970000        74.8006      -106.7605       181.5611
   4980000        79.2326      -109.7809       189.0136
   4990000        77.5094      -108.2973       185.8066
   5000000        75.5281      -108.0487       183.5768
   5010000        74.7897      -107.0901       181.8798
   5020000        78.6350      -107.7479       186.3829
   5030000        77.3241      -113.0434       190.3675
   5040000        80.3439      -107.7758       188.1197
   5050000        74.4588      -114.1227       188.5815
   5060000        73.4889      -109.3670       182.8559
   5070000        73.4012      -116.0540       189.4552
   5080000        76.0322      -111.7447       187.7769
   5090000        80.8184      -109.2923       190.1107
   5100000        77.0222      -114.7239       191.7461
   5110000        74.3217      -112.0084       186.3301
   5120000        78.3454      -109.2091       187.5545
   5130000        79.4166      -108.1901       187.6067
   5140000        82.2514      -109.8918       192.1433
   5150000        77.1234      -113.9765       191.0999
   5160000        79.6519      -112.7916       192.4435
   5170000        78.6993      -114.1513       192.8506
   5180000        74.4390      -112.8941       187.3331
   5190000        75.4009      -115.1253       190.5262
   5200000        74.0601      -113.3009       187.3610
   5210000        72.3737      -111.3362       183.7099
   5220000        76.5541      -110.3875       186.9415
   5230000        71.2606      -113.9094       185.1700
   5240000        78.5191      -109.5748       188.0939
   5250000        77.8498      -110.3318       188.1815
   5260000        74.9020      -114.0878       188.9899
   5270000        72.6514      -112.4149       185.0663
   5280000        73.0593      -113.3043       186.3636
   5290000        79.1656      -107.9378       187.1033
   5300000        72.4727      -114.9400       187.4127
   5310000        69.2184      -115.2624       184.4808
   5320000        70.7225      -114.9534       185.6760
   5330000        78.2142      -112.3455       190.5596
   5340000        75.6238      -113.4357       189.0594
   5350000        77.6285      -111.9691       189.5976
   5360000        77.2162      -113.7109       190.9271
   5370000        71.6412      -115.8795       187.5207
   5380000        76.3543      -111.6014       187.9557
   5390000        68.7235      -117.4801       186.2036
   5400000        71.4384      -117.1207       188.5591
   5410000        74.9876      -111.4243       186.4119
   5420000        75.6796      -111.2714       186.9510
   5430000        77.1363      -110.8908       188.0271
   5440000        76.7099      -115.8846       192.5946
   5450000        74.8071      -114.9671       189.7742
   5460000        79.1929      -113.1392       192.3320
   5470000        74.3282      -112.7814       187.1096
   5480000        73.3973      -115.9721       189.3694
   5490000        77.5748      -113.0045       190.5794
   5500000        77.4633      -115.7557       193.2190
   5510000        81.2872      -114.9865       196.2737
   5520000        78.1139      -114.2526       192.3665
   5530000        81.0162      -111.0044       192.0206
   5540000        78.7485      -113.1572       191.9057
   5550000        77.2337      -113.2478       190.4815
   5560000        79.0785      -113.3333       192.4119
   5570000        80.0886      -115.2707       195.3593
   5580000        82.9889      -110.0380       193.0269
   5590000        78.9367      -111.9812       190.9179
   5600000        77.7840      -112.9923       190.7762
   5610000        75.2450      -113.4016       188.6466
   5620000        80.7234      -112.1192       192.8426
   5630000        82.4757      -110.6590       193.1347
   5640000        78.9074      -113.6376       192.5450
   5650000        82.4717      -108.9551       191.4268
   5660000        85.3267      -109.6559       194.9827
   5670000        82.2770      -110.0985       192.3755
   5680000        86.0083      -107.3402       193.3485
   5690000        80.2278      -111.9025       192.1303
   5700000        83.8557      -108.4887       192.3443
   5710000        79.8612      -109.3329       189.1941
   5720000        80.5119      -108.6395       189.1513
   5730000        83.8133      -106.4245       190.2378
   5740000        86.3281      -106.4476       192.7757
   5750000        79.5744      -109.3741       188.9485
   5760000        77.8969      -110.2521       188.1490
   5770000        77.7123      -108.5744       186.2867
   5780000        77.7792      -111.5001       189.2793
   5790000        80.3751      -107.9569       188.3320
   5800000        79.4781      -106.6396       186.1178
   5810000        80.1660      -110.2375       190.4036
   5820000        80.0989      -107.6606       187.7595
   5830000        83.3739      -105.2825       188.6564
   5840000        81.2199      -108.3160       189.5358
   5850000        81.2381      -108.4444       189.6825
   5860000        86.5320      -108.3326       194.8646
   5870000        82.0113      -108.9304       190.9417
   5880000        83.2251      -109.5945       192.8195
   5890000        81.6932      -108.9907       190.6839
   5900000        83.9062      -105.6215       189.5277
   5910000        77.3837      -112.9686       190.3524
   5920000        77.7031      -112.4515       190.1546
   5930000        84.0246      -110.6999       194.7245
   5940000        86.1637      -108.1857       194.3494
   5950000        86.3440      -104.6057       190.9497
   5960000        87.8537      -107.0869       194.9406
   5970000        78.0733      -108.0413       186.1146
   5980000        76.9808      -110.8006       187.7814
   5990000        75.5646      -112.4873       188.0519
   6000000        77.1821      -112.9747       190.1568
   6010000        76.7922      -112.9746       189.7667
   6020000        79.2543      -111.7022       190.9565
   6030000        77.3284      -111.6316       188.9600
   6040000        80.9164      -109.2825       190.1989
   6050000        79.3455      -112.0999       191.4455
   6060000        80.7939      -108.8189       189.6128
   6070000        77.9511      -111.0098       188.9608
   6080000        80.4786      -109.1088       189.5874
   6090000        76.4053      -111.4098       187.8151
   6100000        71.9437      -114.2370       186.1808
   6110000        76.0375      -111.1570       187.1945
   6120000        77.8070      -112.6790       190.4860
   6130000        75.0198      -113.5147       188.5346
   6140000        78.7946      -111.9683       190.7629
   6150000        82.9127      -111.9090       194.8217
   6160000        78.8546      -113.8756       192.7302
   6170000        84.5983      -109.8058       194.4041
   6180000        77.0306      -113.6907       190.7213
   6190000        76.6097      -114.4192       191.0288
   6200000        83.0739      -111.7176       194.7916
   6210000        81.7964      -113.3970       195.1934
   6220000        84.8534      -107.8679       192.7213
   6230000        81.2308      -112.1133       193.3441
   6240000        83.2620      -110.4070       193.6690
   6250000        86.9770      -108.5011       195.4781
   6260000        91.9505      -108.9217       200.8722
   6270000        86.0786      -111.0971       197.1757
   6280000        86.2856      -112.7193       199.0048
   6290000        85.6806      -113.9122       199.5928
   6300000        83.2471      -114.1065       197.3535
   6310000        84.8865      -112.5973       197.4838
   6320000        82.8648      -114.0273       196.8921
   6330000        80.6218      -113.5864       194.2082
   6340000        82.0456      -115.5208       197.5664
   6350000        81.2904      -114.5286       195.8190
   6360000        79.9499      -112.3224       192.2723
   6370000        84.1935      -113.0023       197.1958
   6380000        87.3508      -108.1148       195.4656
   6390000        83.1856      -109.6424       192.8280
   6400000        84.2025      -110.5264       194.7289
   6410000        84.6996      -110.2228       194.9224
   6420000        78.8957      -112.8016       191.6972
   6430000        84.8421      -110.3587       195.2008
   6440000        86.3442      -110.0047       196.3489
   6450000        76.9239      -114.4568       191.3808
   6460000        77.0575      -114.6558       191.7133
   6470000        86.1964      -107.1312       193.3276
   6480000        82.8136      -112.8647       195.6784
   6490000        81.1950      -112.4828       193.6778
   6500000        79.1727      -115.2066       194.3793
   6510000        78.9770      -112.7759       191.7529
   6520000        80.8820      -112.0384       192.9204
   6530000        75.7262      -114.5481       190.2743
   6540000        75.1976      -114.9603       190.1579
   6550000        76.2494      -117.1596       193.4090
   6560000        77.5576      -116.0986       193.6562
   6570000        85.1149      -109.5154       194.6303
   6580000        82.6879      -114.1624       196.8503
   6590000        82.5810      -112.0616       194.6425
   6600000        82.7239      -110.2738       192.9977
   6610000        77.7157      -118.3656       196.0813
   6620000        81.3650      -116.7905       198.1556
   6630000        80.4775      -116.0143       196.4918
   6640000        80.6635      -117.3575       198.0210
   6650000        80.7696      -116.1359       196.9056
   6660000        81.8515      -113.4006       195.2521
   6670000        78.5631      -113.5523       192.1154
   6680000        76.2840      -116.8141       193.0981
   6690000        75.8057      -117.6009       193.4066
   6700000        74.0076      -119.1818       193.1894
   6710000        72.6102      -120.1123       192.7225
   6720000        81.4154      -115.4412       196.8565
   6730000        75.7907      -117.0490       192.8396
   6740000        78.4902      -119.2029       197.6931
   6750000        72.3384      -119.3030       191.6413
   6760000        81.5413      -113.9156       195.4569
   6770000        75.6927      -114.4588       190.1515
   6780000        76.7460      -117.6112       194.3573
   6790000        75.6539      -115.4906       191.1445
   6800000        75.3554      -116.5174       191.8728
   6810000        74.2421      -114.6222       188.8643
   6820000        74.1426      -116.6879       190.8305
   6830000        78.1681      -112.9716       191.1398
   6840000        77.9950      -115.8101       193.8051
   6850000        75.1668      -119.4462       194.6130
   6860000        77.0875      -115.5596       192.6470
   6870000        71.1082      -117.0007       188.1089
   6880000        76.5559      -114.2938       190.8497
   6890000        76.2004      -115.3781       191.5785
   6900000        76.4797      -118.4270       194.9067
   6910000        80.2788      -112.8739       193.1526
   6920000        79.5683      -116.1447       195.7130
   6930000        75.8527      -116.6040       192.4567
   6940000        78.6030      -113.6441       192.2471
   6950000        77.2813      -115.4986       192.7799
   6960000        77.8868      -113.8840       191.7708
   6970000        81.5425      -108.2900       189.8325
   6980000        79.0039      -115.3954       194.3993
   6990000        79.8759      -116.4265       196.3025
   7000000        81.5946      -111.0232       192.6178
   7010000        77.9367      -112.7219       190.6586
   7020000        78.2191      -111.6977       189.9169
   7030000        77.5087      -113.7794       191.2880
   7040000        77.9363      -114.2375       192.1738
   7050000        79.0431      -115.0160       194.0591
   7060000        77.3255      -117.4935       194.8190
   7070000        81.1991      -114.5252       195.7243
   7080000        78.0501      -116.2758       194.3260
   7090000        81.1310      -111.6919       192.8228
   7100000        79.4222      -114.9308       194.3531
   7110000        75.3576      -118.3497       193.7074
   7120000        79.2582      -116.9742       196.2324
   7130000        78.3139      -117.2502       195.5641
   7140000        79.7102      -115.0096       194.7199
   7150000        71.7100      -116.8161       188.5261
   7160000        76.7537      -112.6264       189.3801
   7170000        77.7969      -112.6014       190.3983
   7180000        71.7679      -118.0866       189.8545
   7190000        75.0840      -115.5254       190.6094
   7200000        73.6458      -117.0462       190.6921
   7210000        72.5340      -119.2137       191.7476
   7220000        72.2749      -118.2962       190.5711
   7230000        73.5643      -118.8188       192.3831
   7240000        71.8052      -115.7947       187.5999
   7250000        70.3933      -115.8715       186.2648
   7260000        74.7289      -116.1064       190.8352
   7270000        76.8313      -118.1962       195.0275
   7280000        72.3913      -116.9468       189.3380
   7290000        71.8288      -119.3316       191.1604
   7300000        74.9047      -116.1881       191.0928
   7310000        74.4823      -116.2391       190.7214
   7320000        73.4404      -114.4557       187.8960
   7330000        71.5384      -115.0564       186.5948
   7340000        77.3394      -115.7193       193.0587
   7350000        81.9336      -112.2913       194.2249
   7360000        75.7825      -118.2547       194.0373
   7370000        72.2330      -119.0175       191.2505
   7380000        70.9478      -117.3657       188.3135
   7390000        77.4482      -115.4628       192.9109
   7400000        80.8992      -115.9044       196.8035
   7410000        77.2340      -115.9900       193.2240
   7420000        80.0206      -113.7586       193.7793
   7430000        74.0525      -119.8240       193.8765
   7440000        78.6866      -114.1222       192.8088
   7450000        77.6218      -117.8712       195.4930
   7460000        83.9605      -112.1541       196.1146
   7470000        80.6370      -115.7864       196.4235
   7480000        82.0312      -112.9659       194.9972
   7490000        78.1516      -115.6609       193.8125
   7500000        80.4465      -114.7984       195.2449
   7510000        77.3937      -114.4250       191.8188
   7520000        78.2030      -113.6823       191.8853
   7530000        79.5799      -112.6083       192.1882
   7540000        73.7313      -116.7911       190.5224
   7550000        75.9821      -115.2279       191.2101
   7560000        76.4232      -114.9548       191.3780
   7570000        73.9414      -116.4396       190.3810
   7580000        80.2428      -114.9815       195.2243
   7590000        76.4882      -114.8713       191.3595
   7600000        82.5346      -111.9424       194.4770
   7610000        79.2746      -114.8727       194.1473
   7620000        76.2756      -114.4519       190.7275
   7630000        84.8261      -113.7800       198.6061
   7640000        82.3547      -111.0652       193.4199
   7650000        76.0543      -116.4685       192.5228
   7660000        79.1731      -117.0266       196.1997
   7670000        82.8210      -115.0252       197.8462
   7680000        83.4078      -116.5761       199.9839
   7690000        82.5160      -115.0159       197.5320
   7700000        81.1612      -113.2760       194.4372
   7710000        80.9499      -114.4891       195.4391
   7720000        76.7849      -114.3317       191.1167
   7730000        78.2954      -115.5665       193.8619
   7740000        80.2683      -113.0430       193.3113
   7750000        80.1228      -116.8862       197.0090
   7760000        79.3310      -115.3779       194.7088
   7770000        77.5245      -120.9351       198.4596
   7780000        73.9354      -119.8872       193.8226
   7790000        73.4442      -119.1843       192.6285
   7800000        73.8290      -119.8869       193.7159
   7810000        79.3545      -118.2807       197.6352
   7820000        75.4192      -117.5962       193.0154
   7830000        71.7509      -118.9778       190.7287
   7840000        74.9123      -118.1920       193.1043
   7850000        76.8913      -118.1847       195.0760
   7860000        83.9446      -111.4171       195.3617
   7870000        81.5605      -115.2481       196.8086
   7880000        79.0116      -117.0272       196.0388
   7890000        80.0300      -116.1485       196.1785
   7900000        81.7695      -113.8315       195.6010
   7910000        80.2917      -114.3740       194.6657
   7920000        76.3502      -115.9321       192.2823
   7930000        78.3881      -112.9867       191.3747
   7940000        81.0809      -110.5145       191.5954
   7950000        76.1581      -117.2789       193.4370
   7960000        79.2637      -116.2355       195.4992
   7970000        75.2888      -119.8058       195.0946
   7980000        77.6681      -116.1828       193.8509
   7990000        72.4901      -116.7331       189.2232
   8000000        72.8743      -118.6990       191.5733
   8010000        71.1071      -122.7272       193.8343
   8020000        76.7346      -118.2005       194.9351
   8030000        78.3705      -117.3234       195.6939
   8040000        72.4195      -118.3776       190.7971
   8050000        75.5633      -116.9296       192.4929
   8060000        75.3194      -116.4615       191.7809
   8070000        72.9030      -117.5089       190.4119
   8080000        76.8454      -117.5533       194.3986
   8090000        70.3253      -123.2013       193.5266
   8100000        73.9664      -116.1044       190.0708
   8110000        70.4620      -120.3751       190.8371
   8120000        70.1842      -120.5943       190.7785
   8130000        70.5028      -120.3788       190.8816
   8140000        73.8625      -115.9168       189.7793
   8150000        79.0977      -114.7807       193.8784
   8160000        72.2494      -117.7285       189.9779
   8170000        71.6948      -120.7863       192.4811
   8180000        76.8183      -116.8558       193.6741
   8190000        73.2743      -121.7378       195.0121
   8200000        80.9813      -111.4214       192.4026
   8210000        77.8111      -116.5142       194.3252
   8220000        76.2805      -117.9840       194.2645
   8230000        73.6535      -121.2265       194.8800
   8240000        75.6779      -119.5276       195.2055
   8250000        78.7925      -116.9453       195.7379
   8260000        70.4325      -119.7155       190.1480
   8270000        69.2849      -120.7495       190.0344
   8280000        79.1928      -117.9594       197.1521
   8290000        77.8569      -115.5969       193.4538
   8300000        75.1292      -116.9488       192.0779
   8310000        69.8538      -120.4424       190.2961
   8320000        69.6109      -120.7682       190.3791
   8330000        73.6454      -116.1687       189.8142
   8340000        72.0178      -119.7224       191.7401
   8350000        71.5468      -120.1931       191.7399
   8360000        80.9627      -117.9074       198.8700
   8370000        79.1820      -116.5733       195.7553
   8380000        78.4731      -116.5119       194.9850
   8390000        82.1455      -115.2981       197.4436
   8400000        72.8068      -118.7487       191.5554
   8410000        73.6882      -118.5047       192.1929
   8420000        81.0363      -113.6364       194.6726
   8430000        75.1892      -118.2050       193.3942
   8440000        79.6417      -117.7846       197.4263
   8450000        86.3888      -115.4638       201.8526
   8460000        76.1636      -120.0322       196.1958
   8470000        77.2023      -116.8561       194.0584
   8480000        82.0519      -114.5535       196.6054
   8490000        77.8685      -116.1873       194.0558
   8500000        84.2661      -114.0223       198.2883
   8510000        81.0177      -113.7604       194.7782
   8520000        73.4938      -119.2121       192.7059
   8530000        80.4321      -114.7745       195.2066
   8540000        75.9439      -115.4583       191.4021
   8550000        74.2237      -120.4871       194.7108
   8560000        74.9195      -120.7930       195.7126
   8570000        78.8134      -116.0478       194.8612
   8580000        79.6805      -115.4001       195.0806
   8590000        74.5936      -118.7421       193.3357
   8600000        76.0684      -116.2632       192.3317
   8610000        77.4169      -119.6561       197.0730
   8620000        75.0671      -116.8613       191.9284
   8630000        75.2949      -115.4553       190.7501
   8640000        78.3667      -116.3784       194.7451
   8650000        73.6895      -117.6319       191.3213
   8660000        78.0866      -115.3808       193.4674
   8670000        78.0012      -118.3011       196.3023
   8680000        82.3359      -120.2059       202.5418
   8690000        74.5255      -120.6162       195.1417
   8700000        81.1448      -117.0398       198.1846
   8710000        79.9961      -117.1360       197.1321
   8720000        74.5229      -122.3595       196.8825
   8730000        75.2786      -120.9195       196.1982
   8740000        75.5836      -120.5201       196.1038
   8750000        76.3292      -118.2894       194.6186
   8760000        69.1850      -123.0032       192.1882
   8770000        74.0287      -118.4129       192.4416
   8780000        74.5666      -119.0052       193.5718
   8790000        77.4294      -116.8804       194.3098
   8800000        72.7459      -120.3619       193.1078
   8810000        74.5610      -120.2885       194.8495
   8820000        71.2547      -121.1971       192.4518
   8830000        75.6479      -120.1338       195.7818
   8840000        74.1674      -122.1456       196.3130
   8850000        82.3336      -114.7108       197.0445
   8860000        73.3167      -121.5252       194.8419
   8870000        73.1471      -121.8975       195.0446
   8880000        73.8728      -121.1795       195.0523
   8890000        75.7179      -119.7131       195.4311
   8900000        74.4858      -118.3449       192.8307
   8910000        80.8047      -114.5741       195.3788
   8920000        85.0603      -115.3805       200.4408
   8930000        75.7951      -117.1609       192.9560
   8940000        72.2702      -120.0683       192.3385
   8950000        74.7797      -120.3530       195.1327
   8960000        80.1094      -111.8234       191.9328
   8970000        72.4377      -115.1951       187.6328
   8980000        75.3037      -117.6744       192.9781
   8990000        71.2212      -117.1664       188.3876
   9000000        74.7054      -116.4584       191.1638
   9010000        79.9979      -110.5194       190.5173
   9020000        74.5801      -116.4142       190.9944
   9030000        75.9687      -114.6913       190.6600
   9040000        76.7952      -112.0264       188.8216
   9050000        83.3693      -114.2899       197.6592
   9060000        80.2938      -118.2592       198.5530
   9070000        79.4548      -119.2199       198.6747
   9080000        79.7636      -113.4952       193.2588
   9090000        81.8956      -111.2336       193.1292
   9100000        77.5640      -117.8103       195.3743
   9110000        80.0913      -113.2744       193.3657
   9120000        79.3617      -115.0630       194.4247
   9130000        79.4081      -116.1906       195.5987
   9140000        76.7411      -114.2966       191.0376
   9150000        75.8216      -117.5141       193.3357
   9160000        75.5979      -117.5465       193.1444
   9170000        73.7466      -118.9009       192.6475
   9180000        75.2936      -117.8952       193.1887
   9190000        76.2757      -121.4253       197.7011
   9200000        77.9878      -120.3069       198.2947
   9210000        79.7739      -114.4012       194.1751
   9220000        79.9340      -116.5449       196.4789
   9230000        82.6972      -110.9417       193.6388
   9240000        80.1816      -114.7954       194.9770
   9250000        85.2342      -113.7555       198.9897
   9260000        77.0800      -120.3477       197.4277
   9270000        74.9593      -120.8561       195.8154
   9280000        73.6442      -121.5750       195.2192
   9290000        71.3879      -122.2010       193.5889
   9300000        78.3837      -114.9853       193.3690
   9310000        77.8622      -119.3709       197.2331
   9320000        72.5788      -120.0375       192.6163
   9330000        76.4207      -116.4886       192.9093
   9340000        80.1437      -114.8982       195.0419
   9350000        75.6967      -118.7548       194.4515
   9360000        78.6423      -119.0864       197.7287
   9370000        75.3239      -122.0857       197.4095
   9380000        74.9343      -124.9260       199.8603
   9390000        78.4101      -114.7419       193.1520
   9400000        72.2344      -124.4546       196.6890
   9410000        73.4193      -120.8698       194.2892
   9420000        75.5093      -121.8994       197.4087
   9430000        78.4721      -118.5843       197.0564
   9440000        76.0720      -120.9460       197.0180
   9450000        79.2485      -118.9863       198.2348
   9460000        73.4175      -121.9314       195.3489
   9470000        72.6265      -122.7548       195.3813
   9480000        70.7975      -124.1898       194.9872
   9490000        76.1851      -122.6966       198.8817
   9500000        73.8810      -122.9381       196.8191
   9510000        70.0995      -123.9645       194.0640
   9520000        71.7354      -125.5860       197.3214
   9530000        73.5740      -121.2839       194.8579
   9540000        69.5446      -125.7690       195.3136
   9550000        73.1218      -123.0201       196.1419
   9560000        70.2332      -124.2901       194.5234
   9570000        75.9415      -118.7057       194.6471
   9580000        71.2634      -122.4766       193.7400
   9590000        73.4619      -124.5136       197.9755
   9600000        68.1184      -125.6635       193.7820
   9610000        72.8548      -123.3561       196.2109
   9620000        76.3114      -122.7414       199.0528
   9630000        73.2118      -122.5460       195.7578
   9640000        78.6984      -119.8871       198.5855
   9650000        75.6762      -120.5104       196.1866
   9660000        78.7455      -120.8187       199.5642
   9670000        76.2621      -121.3085       197.5706
   9680000        73.4314      -121.9876       195.4190
   9690000        74.2559      -117.0120       191.2678
   9700000        72.3722      -121.2729       193.6452
   9710000        72.1602      -121.7278       193.8881
   9720000        69.2036      -120.5912       189.7948
   9730000        71.2633      -122.4393       193.7026
   9740000        71.8030      -124.6356       196.4386
   9750000        82.5078      -116.2705       198.7783
   9760000        79.8446      -120.4505       200.2951
   9770000        69.9314      -124.6882       194.6196
   9780000        71.3287      -121.1982       192.5269
   9790000        69.5126      -123.9477       193.4603
   9800000        68.7276      -124.7148       193.4424
   9810000        71.8626      -120.6370       192.4996
   9820000        68.6475      -124.8071       193.4546
   9830000        69.2482      -123.7376       192.9858
   9840000        72.9472      -122.2831       195.2303
   9850000        74.2316      -122.0334       196.2650
   9860000        72.3537      -123.0294       195.3831
   9870000        69.0819      -123.9689       193.0508
   9880000        74.1040      -121.5434       195.6474
   9890000        75.6034      -117.3209       192.9243
   9900000        75.2568      -121.8538       197.1107
   9910000        76.0323      -120.6832       196.7155
   9920000        76.0387      -120.5332       196.5719
   9930000        73.0822      -122.1406       195.2229
   9940000        68.7302      -123.9618       192.6920
   9950000        70.9973      -124.5961       195.5934
   9960000        64.4034      -125.9175       190.3209
   9970000        73.2492      -119.5402       192.7894
   9980000        69.1814      -123.1841       192.3656
   9990000        72.5183      -121.9445       194.4628
  10000000        69.4020      -124.4730       193.8750
