# Step Rg End_to_End
         1       195.0045       674.2324
     10000        60.5179       198.6602
     20000        96.8591       130.6330
     30000        84.0914       195.5299
     40000        59.2898       130.2217
     50000       114.2048       274.4513
     60000        69.7330       153.2443
     70000        94.9027       265.5374
     80000        97.2185       270.1690
     90000       107.9207       262.7551
    100000       114.7372       303.2401
    110000        52.5861        75.1216
    120000        25.8528        55.6783
    130000       127.5507       315.7461
    140000        39.5705        92.9026
    150000        47.7093       113.7012
    160000        86.6410       240.6599
    170000        53.8682       122.8376
    180000        78.8933       168.2487
    190000       107.5599       272.4272
    200000       101.8294       268.8914
    210000        57.6465       124.3311
    220000       111.3759       265.6417
    230000       106.8852       257.2012
    240000        69.8672       143.5282
    250000       128.5521       299.0903
    260000        55.6373       105.3158
    270000        62.8823       149.9700
    280000        23.5815        53.9129
    290000        76.2053       139.9258
    300000        72.9927       126.9416
    310000        81.4738       152.5937
    320000        83.9911       150.5835
    330000        75.5709       133.9202
    340000        54.0452       105.3011
    350000        64.4580       116.1084
    360000        63.4224       116.3962
    370000        69.7358       121.9463
    380000        63.1370       104.4194
    390000        77.8051       138.8173
    400000        68.7705       118.1732
    410000        68.0375       114.0065
    420000        54.8350       100.2928
    430000        57.4762       102.0949
    440000        68.0248       118.5107
    450000        67.5030       120.0510
    460000        75.2349       128.7383
    470000        76.3396       131.7695
    480000        98.0706       181.3075
    490000        52.7280        83.9159
    500000        60.7966        93.1701
    510000        62.5114       103.3940
    520000        67.5456       112.7813
    530000        89.9987       160.4336
    540000        61.9199        96.1239
    550000        59.8569        99.8506
    560000        52.5246        82.6420
    570000        54.0147        97.1016
    580000        54.1533        99.2933
    590000        52.3843        89.5951
    600000        54.2657        97.9462
    610000        38.3890        53.4267
    620000        47.0861        77.9688
    630000        49.1997        88.4911
    640000        80.4265       176.1061
    650000        42.2832        78.8264
    660000        53.7372        98.1420
    670000        52.1797        93.4488
    680000        50.8254       107.4066
    690000        38.8215        61.1400
    700000        48.6279        92.9238
    710000        59.2335       107.3822
    720000        48.0588        92.1692
    730000        54.9905       107.2951
    740000        62.1040       119.9282
    750000        50.8980        94.5107
    760000        63.7298       119.8938
    770000        64.7432       113.8398
    780000        63.4172       119.9710
    790000        72.2363       127.1810
    800000        57.8298       106.4990
    810000        61.3943       112.6462
    820000        54.0901        92.5411
    830000        60.1561       107.4215
    840000        54.4187       100.5250
    850000        56.1292       101.6498
    860000        48.9363        74.2478
    870000        61.1143        97.8742
    880000        57.7554       104.0209
    890000        64.3242       125.8426
    900000        41.4414        79.1251
    910000        36.5262        65.9067
    920000        52.4096       118.7398
    930000        36.1605        73.2017
    940000        37.1862        78.9455
    950000        63.6661       126.3526
    960000        53.7435       112.9687
    970000        53.2705       102.9368
    980000        42.2615        88.4978
    990000        56.9844       115.1304
   1000000        43.3166        88.9726
   1010000        60.6020       135.0423
   1020000        54.3108       118.1384
   1030000        56.2064       120.4766
   1040000        62.3115       123.2432
   1050000        62.9140       124.7253
   1060000        62.4105       126.1754
   1070000        70.2630       135.4177
   1080000        60.0781       112.1057
   1090000        75.0060       136.9648
   1100000        68.9399       127.9278
   1110000        63.3602       124.2175
   1120000        52.8888        94.7845
   1130000        54.1909       109.6430
   1140000        54.5546        95.8181
   1150000        58.3300       127.6784
   1160000        51.7603        93.7495
   1170000        70.5600       124.3806
   1180000        72.0890       125.7130
   1190000        65.7036       121.7061
   1200000        61.7621       118.6254
   1210000        59.6755       115.9533
   1220000        64.0670       119.3340
   1230000        62.2127       109.3401
   1240000        55.8050       105.1544
   1250000        72.0734       134.4525
   1260000        57.9857       119.6497
   1270000        53.9199       111.6476
   1280000        58.6364       120.5228
   1290000        53.6619       120.2228
   1300000        63.5243       145.2478
   1310000        56.8061       114.8056
   1320000        51.0324       107.6468
   1330000        57.4013       110.8138
   1340000        42.9403        76.1901
   1350000        55.5143       113.9171
   1360000        44.7118        77.6178
   1370000        50.5876        96.3912
   1380000        50.6037        91.7960
   1390000        69.8543       115.5324
   1400000        57.1700       112.7078
   1410000        71.0211       159.6341
   1420000        90.2212       200.1861
   1430000        52.8599       112.9962
   1440000        39.7002        80.8640
   1450000        46.5171       104.8365
   1460000        97.0490       215.1410
   1470000        67.9540       149.4680
   1480000        55.4464       111.2611
   1490000        42.9806        91.3940
   1500000        56.9410       106.5496
   1510000        24.9296        32.8849
   1520000        50.8804        95.4598
   1530000        50.2255        90.3399
   1540000        59.4481       116.8414
   1550000        63.2324       114.6359
   1560000        45.1474        84.6800
   1570000        60.6254       110.7092
   1580000        53.1595        95.1617
   1590000        43.0671        72.0705
   1600000        61.4882       115.2159
   1610000        54.9547       103.7770
   1620000        53.7043       114.0741
   1630000        57.7607        99.1212
   1640000        59.5709       115.3255
   1650000        60.0482       105.5195
   1660000        46.5773        74.6495
   1670000        66.4384       118.6293
   1680000        70.6993       119.3042
   1690000        67.2453       117.8721
   1700000        80.3037       137.3854
   1710000        34.9383        54.9411
   1720000        35.6290        59.0664
   1730000        58.5898        96.8461
   1740000        48.0961        77.0581
   1750000        41.8168        82.0617
   1760000        42.1330        85.4487
   1770000        54.8920        94.8135
   1780000        42.5360        81.4302
   1790000        58.8819       103.9933
   1800000        51.3816        88.4933
   1810000        44.0238        81.8902
   1820000        50.3944        80.2686
   1830000        43.1695        44.3975
   1840000        38.3985        67.0523
   1850000        58.7146        98.3858
   1860000        41.7524        64.2849
   1870000        64.1106       107.0988
   1880000        30.4470        28.9239
   1890000        27.4376        52.9212
   1900000        38.6930        22.5321
   1910000        92.4346       186.1038
   1920000        69.7304       151.2276
   1930000        93.3473       194.8673
   1940000        81.2931       174.0079
   1950000        92.3693       189.3644
   1960000        96.8756       213.1872
   1970000       100.9852       220.6967
   1980000        47.2557       119.8848
   1990000        67.3843       153.3018
   2000000        61.5607       137.3403
   2010000        77.6748       168.3120
   2020000        60.6148       132.5520
   2030000        56.6209       135.3456
   2040000        90.7549       203.7700
   2050000        76.2367       169.9295
   2060000        69.7797       150.2271
   2070000        80.5606       165.4279
   2080000        74.0654       162.7005
   2090000        88.3265       196.7367
   2100000        84.7960       170.7650
   2110000        67.6875       144.2412
   2120000        64.2107       148.2147
   2130000        98.2088       210.5982
   2140000        69.7476       158.1928
   2150000        42.1169       104.0778
   2160000        69.9301       165.7809
   2170000        61.1377       143.2306
   2180000        64.0721       151.1982
   2190000        67.0185       129.5201
   2200000        78.2371       143.2844
   2210000        80.3655       169.9666
   2220000        87.9967       173.5611
   2230000        78.0021       177.4584
   2240000        64.7838       147.0224
   2250000        86.1049       188.4946
   2260000        78.7239       178.1498
   2270000        83.6464       180.9407
   2280000        64.5859       151.3059
   2290000        56.3773       133.7945
   2300000        66.4165       154.7660
   2310000        63.4912       152.0796
   2320000        73.9128       173.2367
   2330000        76.5515       178.5846
   2340000        77.1605       173.0377
   2350000        85.1839       192.4445
   2360000        82.4751       189.5145
   2370000        62.9133       154.0493
   2380000        76.6827       176.4826
   2390000        87.5770       195.0747
   2400000        69.8079       156.4168
   2410000        88.0068       184.0247
   2420000        90.0670       184.1634
   2430000        96.4310       210.9268
   2440000        86.9998       192.1005
   2450000        85.6230       182.6728
   2460000        82.4091       192.6403
   2470000        79.0530       153.3345
   2480000        80.0765       170.1109
   2490000        83.0324       182.3815
   2500000        64.9496       136.0976
   2510000        34.2557        45.5151
   2520000        72.1206       142.5654
   2530000        66.2157       142.5377
   2540000        66.7674       150.8361
   2550000        68.4266       138.3467
   2560000        68.9035       141.6809
   2570000        73.7973       166.4251
   2580000        75.4615       150.8322
   2590000        73.1365       165.0964
   2600000        53.5287       129.1727
   2610000        65.9244       150.7972
   2620000        62.4411       129.9306
   2630000        49.0427        59.2586
   2640000        28.4972        17.4739
   2650000        34.4248        41.1716
   2660000        78.8310       169.6766
   2670000        79.8168       184.5964
   2680000        93.6006       199.3076
   2690000        71.1331       151.6215
   2700000        65.8387       161.0935
   2710000        81.3539       163.0485
   2720000        45.0975       110.5559
   2730000        63.1262       153.9577
   2740000        65.0941       155.5942
   2750000        77.0015       177.0255
   2760000        68.0367       159.9429
   2770000        59.3313       144.0246
   2780000        62.5113       146.5901
   2790000        77.9068       178.4525
   2800000        55.5077       137.7353
   2810000        79.8479       185.8927
   2820000        48.1747       118.2503
   2830000        32.2615        71.2121
   2840000        59.9756       146.4881
   2850000        86.9492       202.4374
   2860000        24.7620        51.7744
   2870000        36.0521        85.8538
   2880000        28.2482        34.7158
   2890000        23.8278        23.8417
   2900000        30.2358        19.4907
   2910000        30.0844        28.4436
   2920000        25.9986        55.2205
   2930000        24.6052        42.9843
   2940000        23.3308        41.9284
   2950000        37.3282        93.9147
   2960000        29.7339        25.3441
   2970000        21.1964        19.5895
   2980000        21.5955        29.0951
   2990000        28.9112        64.3656
   3000000        24.3594        18.5215
   3010000        39.7774        43.2869
   3020000        41.5167        48.6601
   3030000        34.1660        24.6773
   3040000        43.8672       108.9504
   3050000        29.3215        63.1979
   3060000        30.6038        63.8180
   3070000        35.8518        87.1686
   3080000        34.6674        82.7264
   3090000        34.8186        84.1941
   3100000        24.4133        30.0298
   3110000        23.4654        18.0953
   3120000        73.4325       178.0358
   3130000        42.9141       108.2219
   3140000        48.2109        54.1423
   3150000        26.1615        39.7255
   3160000        30.4273        69.3778
   3170000        32.9288        77.1337
   3180000        28.4168        56.4439
   3190000        27.0769        54.1291
   3200000        28.1573        46.3512
   3210000        28.8403        52.1277
   3220000        19.1914        22.9453
   3230000        20.4557        23.0530
   3240000        29.3017        22.9557
   3250000        47.7079       118.9081
   3260000        35.4709        83.1649
   3270000        29.9977        68.1892
   3280000        28.3825        68.5609
   3290000        34.9517        88.7193
   3300000        28.4070        41.3566
   3310000        21.1655        33.4433
   3320000        24.9388        38.0098
   3330000        24.1802        32.2460
   3340000        34.1374        86.4876
   3350000        50.2067       124.8839
   3360000        30.8236        61.4270
   3370000        28.2350        51.0821
   3380000        19.8949        32.3515
   3390000        24.0132        44.0630
   3400000        52.4512       132.4285
   3410000        29.9339        44.1279
   3420000        28.9909        39.6699
   3430000        43.6487        91.6044
   3440000        38.7131        49.2883
   3450000        19.1044        32.9707
   3460000        41.0605       107.1308
   3470000        31.6804        71.0926
   3480000        27.7132        59.6378
   3490000        21.8827        48.4916
   3500000        20.3276        29.8490
   3510000        50.1498        71.1711
   3520000        23.0832        50.2485
   3530000        24.4711        45.2579
   3540000        34.9834        69.8268
   3550000        23.8539        33.7374
   3560000        49.0608       119.5568
   3570000        27.0423        49.7333
   3580000        26.4050        40.3227
   3590000        39.1841        80.5854
   3600000        20.6622        36.5208
   3610000        41.5155        98.6404
   3620000        33.3451        81.2220
   3630000        20.8089        31.8139
   3640000        31.3166        67.4842
   3650000        18.2534        30.0191
   3660000        25.4210        52.0719
   3670000        15.7940        20.0703
   3680000        36.6261        95.2970
   3690000        28.5599        70.2959
   3700000        20.4146        27.0338
   3710000        29.6630        72.4642
   3720000        16.2540        23.7646
   3730000        26.9959        64.9373
   3740000        16.5872        21.9513
   3750000        27.8091        66.8095
   3760000        27.5329        38.0128
   3770000        34.9242        60.8138
   3780000        50.1662       124.9872
   3790000        44.8691       102.2405
   3800000        54.8063       117.7448
   3810000        49.8585       115.2334
   3820000        20.9939        35.2316
   3830000        19.8025        25.8692
   3840000        28.6169        66.8578
   3850000        32.2731        80.2094
   3860000        22.2966        40.5130
   3870000        19.4963        15.1451
   3880000        40.9632       105.8918
   3890000        64.8150       157.5200
   3900000        34.4802        67.7458
   3910000        32.1515        45.5959
   3920000        19.0866        25.9549
   3930000        32.7261        38.6712
   3940000        20.7441        41.1712
   3950000        22.7939        30.1606
   3960000        32.4522        79.3665
   3970000        28.4205        43.3843
   3980000        28.2365        32.4686
   3990000        16.7565        21.5802
   4000000        27.0283        60.7544
   4010000        46.5537       100.7793
   4020000        19.2149        23.7141
   4030000        42.9911       104.3265
   4040000        69.9834       163.9960
   4050000        70.7790       160.1564
   4060000        77.0305       172.6882
   4070000        98.5896       222.6444
   4080000        90.7448       210.2115
   4090000        75.0559       182.6876
   4100000        85.9400       203.6288
   4110000        67.1846       165.2314
   4120000        93.0794       214.4586
   4130000        94.3861       217.5145
   4140000       105.2622       229.3426
   4150000        92.7678       213.7575
   4160000        97.5790       223.1797
   4170000        89.7762       210.2258
   4180000        97.9660       222.5097
   4190000        84.2584       195.1583
   4200000        79.8317       189.1690
   4210000        85.4563       197.7695
   4220000        91.9711       212.9726
   4230000        79.4373       189.1210
   4240000        86.6362       203.1567
   4250000        77.7622       182.3296
   4260000        73.8982       177.6496
   4270000        96.3631       220.1806
   4280000       106.9927       225.7288
   4290000       107.1722       221.2292
   4300000        89.3546       207.3117
   4310000        95.9058       217.7481
   4320000        88.7129       205.8224
   4330000        79.4037       186.7862
   4340000        83.5369       195.9694
   4350000        80.5164       184.3578
   4360000        83.9842       191.2761
   4370000        78.1825       183.3563
   4380000        74.8899       171.5376
   4390000        89.9203       206.3596
   4400000        90.1349       209.1357
   4410000        91.0559       209.7456
   4420000       104.3653       225.9368
   4430000        92.8870       213.5910
   4440000        89.4770       204.1998
   4450000       106.6907       229.0574
   4460000        99.2026       221.7361
   4470000        98.1837       222.2326
   4480000       101.6852       228.2323
   4490000        98.0636       220.0820
   4500000        92.9778       208.5420
   4510000        88.7500       201.9334
   4520000        82.4488       184.7029
   4530000        76.9139       172.2755
   4540000        81.0675       184.9023
   4550000        92.7309       208.7180
   4560000       101.1147       225.8269
   4570000        85.6029       189.8961
   4580000       101.0069       223.9896
   4590000        76.5593       176.2812
   4600000        91.0740       207.7468
   4610000        71.0110       162.0466
   4620000        65.3277       156.5030
   4630000       102.0689       227.6092
   4640000        91.9690       208.2989
   4650000       101.0025       214.2504
   4660000       102.0169       227.0383
   4670000       100.6428       223.1941
   4680000        82.9824       192.8097
   4690000       100.4088       223.0025
   4700000       103.2937       211.1235
   4710000       103.4394       215.4940
   4720000        95.8341       218.5426
   4730000        90.2446       205.2376
   4740000        98.9182       223.0850
   4750000        98.5950       222.1603
   4760000        93.7463       215.0883
   4770000        96.8411       217.0791
   4780000        92.8366       210.5249
   4790000        91.5934       211.5927
   4800000       104.4343       215.5025
   4810000        98.2801       197.5322
   4820000       101.1554       202.2730
   4830000       104.0774       226.7832
   4840000        80.1579       188.3357
   4850000        69.4219       167.5302
   4860000       104.3809       216.4923
   4870000        96.2796       212.0737
   4880000        97.5938       211.1933
   4890000        86.9827       196.4736
   4900000       101.5883       217.2585
   4910000       104.5461       219.6851
   4920000        82.6155       182.7368
   4930000        96.6074       212.4252
   4940000        98.8358       214.8297
   4950000       102.2916       216.9146
   4960000       102.0708       208.7898
   4970000       102.5261       198.7001
   4980000        89.0373       197.4327
   4990000        98.4006       179.5237
   5000000        92.7660       164.1496
   5010000       106.4214       221.8880
   5020000       108.5400       224.2467
   5030000        99.5809       218.5407
   5040000       105.0980       223.9188
   5050000       106.4106       210.8101
   5060000       103.3565       218.7120
   5070000        65.8561       145.1107
   5080000       109.1900       223.7167
   5090000       104.5806       224.9943
   5100000       108.8193       229.7980
   5110000       108.9600       224.3915
   5120000       109.8102       222.3432
   5130000       109.6800       216.7902
   5140000       107.3893       224.1345
   5150000       105.5570       223.4169
   5160000        97.7496       215.8245
   5170000        99.3713       216.1273
   5180000        95.5465       211.9219
   5190000       100.1777       199.8181
   5200000        92.3539       205.8757
   5210000        85.4558       145.7654
   5220000        73.5402       113.7527
   5230000       107.0594       226.0885
   5240000       104.4475       225.6757
   5250000       108.3004       231.4916
   5260000       107.6528       227.3927
   5270000       108.0877       228.2940
   5280000       108.5906       231.3146
   5290000        75.1755       172.9971
   5300000       108.6381       231.3169
   5310000       109.7101       233.0243
   5320000       105.6234       228.5347
   5330000        82.2379       183.6944
   5340000       107.3466       228.5567
   5350000       107.2444       231.6593
   5360000       108.2637       230.2456
   5370000        95.3780       210.8225
   5380000       107.4531       228.1944
   5390000        96.5050       214.5316
   5400000        96.0397       208.6267
   5410000       105.1355       228.9987
   5420000        96.3366       213.7430
   5430000        99.9860       217.2297
   5440000        99.9626       221.9031
   5450000        97.8730       219.1539
   5460000        97.8595       218.5780
   5470000       106.1660       223.7974
   5480000       105.0877       227.7064
   5490000        97.6444       219.0591
   5500000        98.9416       217.7778
   5510000        94.7922       173.1233
   5520000       106.5380       220.1179
   5530000       109.6925       226.1809
   5540000        89.5733       203.0697
   5550000       109.0016       229.8921
   5560000       105.6301       228.1395
   5570000       109.3519       226.1049
   5580000        87.1902       198.0988
   5590000       108.2479       232.2923
   5600000        97.8982       182.1177
   5610000        92.8935       165.8361
   5620000        79.6357       127.1485
   5630000        88.0510       143.1680
   5640000       105.6344       224.0458
   5650000       109.1610       218.6938
   5660000       107.4622       208.3781
   5670000       101.1416       214.2853
   5680000       105.1690       221.3729
   5690000        97.9115       211.6666
   5700000        97.6533       211.8585
   5710000        98.2961       213.6941
   5720000        91.1098       202.6463
   5730000       103.2015       210.3457
   5740000        99.7162       211.2187
   5750000       103.0853       215.5892
   5760000       106.7708       225.7141
   5770000       107.6387       225.3366
   5780000        97.1546       213.8791
   5790000       107.2055       223.8194
   5800000        66.3285       154.3224
   5810000        76.7980       174.2499
   5820000        85.7061       190.8613
   5830000        98.2037       209.0267
   5840000        93.2506       206.7847
   5850000       107.1545       221.0443
   5860000       107.0481       203.3763
   5870000       105.6288       216.8824
   5880000       107.5259       210.8910
   5890000       108.9004       224.3550
   5900000       106.3609       195.1356
   5910000       107.4654       220.1574
   5920000       108.5437       219.4681
   5930000       107.4410       219.9186
   5940000        65.6287       158.3292
   5950000        82.5137       181.7936
   5960000       103.1921       219.1337
   5970000       101.1748       220.9611
   5980000       107.7850       214.9604
   5990000       106.5128       202.2823
   6000000       102.6486       215.5716
   6010000       100.3044       209.5937
   6020000       104.1305       214.9297
   6030000       108.4124       221.3587
   6040000       107.6216       224.6999
   6050000       108.2597       221.9288
   6060000       108.6878       213.0891
   6070000        96.4171       212.3419
   6080000        94.9976       211.3139
   6090000        99.6753       217.0918
   6100000       103.6879       224.9315
   6110000       108.0476       221.7171
   6120000       105.1652       226.7586
   6130000       107.5709       226.1451
   6140000        95.7210       210.2674
   6150000       108.6982       215.5933
   6160000       103.6602       219.0489
   6170000        93.2324       208.9606
   6180000       110.4408       227.2678
   6190000       110.7596       220.6640
   6200000       109.0498       212.7542
   6210000       106.3773       207.0866
   6220000        71.4063       167.1692
   6230000        94.7256       211.3915
   6240000        82.6948       189.7325
   6250000        87.5459       199.5538
   6260000        99.8620       219.5553
   6270000       104.4618       227.5250
   6280000       103.0392       205.7279
   6290000        90.5826       203.5249
   6300000       102.3336       220.9703
   6310000       108.9005       226.0960
   6320000       108.8804       222.9007
   6330000       107.9737       219.6237
   6340000       101.8649       213.2483
   6350000       110.0202       223.6336
   6360000       109.3185       214.1768
   6370000       109.5657       223.8409
   6380000        81.9441       186.4002
   6390000       108.5251       225.1227
   6400000       105.7696       220.5561
   6410000       109.1577       223.1900
   6420000       104.9004       213.3400
   6430000       108.5831       223.3731
   6440000       107.2414       216.7996
   6450000       107.2624       218.4817
   6460000        99.3644       215.5539
   6470000       107.2376       224.0050
   6480000       103.5887       215.4927
   6490000       100.9975       214.5353
   6500000        70.0112       162.4559
   6510000       104.3831       214.7987
   6520000       109.9242       222.5150
   6530000        97.0303       212.7465
   6540000        96.2421       206.4436
   6550000        94.8717       209.6906
   6560000        86.9481       190.1117
   6570000        93.7552       202.1010
   6580000        88.8863       193.2481
   6590000       103.9985       198.3496
   6600000        98.7791       207.8912
   6610000        96.7341       207.7600
   6620000        88.2060       197.5424
   6630000        95.5662       206.6018
   6640000        91.1505       198.0855
   6650000       103.1731       210.0304
   6660000       102.3081       206.5840
   6670000       102.0721       216.0218
   6680000        88.0159       198.1741
   6690000        95.1236       213.5827
   6700000        94.0244       210.3265
   6710000        91.7105       205.5673
   6720000        93.4340       200.1592
   6730000        92.5436       201.1519
   6740000        97.1054       208.3168
   6750000        98.3733       208.8783
   6760000        89.5922       200.4101
   6770000        83.4798       184.3552
   6780000        88.3775       194.6343
   6790000        92.3440       201.7105
   6800000        90.3137       202.9969
   6810000        89.9872       197.5882
   6820000        84.8048       195.0787
   6830000        79.7219       187.1627
   6840000        72.2396       170.3331
   6850000        85.5137       192.8363
   6860000        72.7530       170.3242
   6870000        84.0334       189.8321
   6880000        75.3273       178.6160
   6890000        80.3799       185.2906
   6900000        88.7552       201.9367
   6910000        73.6055       173.9453
   6920000        90.6352       199.5263
   6930000        96.2037       208.3667
   6940000        98.3943       206.5720
   6950000        97.9123       206.6099
   6960000        83.6292       189.2428
   6970000        91.9830       206.1126
   6980000       101.9685       211.1715
   6990000        86.2999       192.7541
   7000000        79.4235       182.0924
   7010000        79.0719       181.0125
   7020000       105.7188       218.9677
   7030000        89.6420       200.8385
   7040000        98.6481       212.6888
   7050000        90.2389       196.0639
   7060000       100.8254       202.3437
   7070000        92.1498       200.5483
   7080000        92.2530       194.5107
   7090000        74.7751       170.4578
   7100000        90.7383       196.2794
   7110000        86.2723       192.3650
   7120000        96.8090       197.8302
   7130000        71.5860       156.9005
   7140000        74.3885       165.7527
   7150000        75.3230       170.9116
   7160000        81.3893       189.7481
   7170000        99.5178       207.6041
   7180000        88.9678       196.5775
   7190000        99.9816       216.7893
   7200000       103.3259       209.9186
   7210000        98.4305       190.1845
   7220000        94.5881       212.4518
   7230000        97.8500       202.5277
   7240000        95.8859       193.1019
   7250000        94.5635       204.9059
   7260000        98.3501       196.6950
   7270000        86.0631       196.0130
   7280000        92.1812       201.6797
   7290000        82.3920       188.2058
   7300000        71.7413       171.4211
   7310000        80.8797       183.4444
   7320000        82.5351       189.6440
   7330000        87.8308       194.3652
   7340000        94.9397       193.9384
   7350000        90.8015       196.7233
   7360000        81.7931       183.7898
   7370000        93.2791       201.9869
   7380000        86.2496       185.7877
   7390000        95.9443       197.1765
   7400000        97.3569       198.5160
   7410000        85.6507       184.8107
   7420000        96.3014       185.8337
   7430000        95.2447       193.9335
   7440000        94.6555       190.0993
   7450000       101.1845       190.8642
   7460000       101.8050       191.8273
   7470000       105.5461       200.2358
   7480000        96.3333       167.7417
   7490000        98.2628       175.9119
   7500000        92.7012       155.1361
   7510000        84.8213       171.0600
   7520000        53.9923       122.4175
   7530000        60.4520       137.5547
   7540000        99.4840       193.0721
   7550000        83.9739       176.2841
   7560000        95.9165       198.1100
   7570000       100.6385       210.5100
   7580000        98.9516       216.2299
   7590000       101.2000       199.3662
   7600000        85.6156       187.1243
   7610000       102.6266       212.5428
   7620000       103.6530       211.9222
   7630000        96.2512       209.4737
   7640000        94.2527       205.9352
   7650000       100.8860       190.3419
   7660000       102.2125       195.1248
   7670000       101.2204       190.8787
   7680000        96.3615       181.1401
   7690000        97.5802       187.5397
   7700000       100.3557       202.2657
   7710000        97.2175       199.1375
   7720000        68.4691       155.7955
   7730000        85.4166       189.8747
   7740000        75.3383       168.0852
   7750000        89.5615       191.7509
   7760000        82.1564       179.1556
   7770000        89.5064       196.4279
   7780000        85.6960       192.3575
   7790000        87.5327       188.2435
   7800000        98.0642       191.4350
   7810000        92.4773       193.7446
   7820000        99.7681       195.4173
   7830000        94.4133       195.5752
   7840000        83.4319       182.6712
   7850000        97.6328       194.1126
   7860000        90.3081       193.1052
   7870000        88.5852       194.0863
   7880000        87.7738       191.3607
   7890000       100.6281       211.4882
   7900000        99.2677       210.3499
   7910000        84.9394       186.4675
   7920000        92.3670       199.9511
   7930000        85.7686       179.1098
   7940000        78.8554       173.1057
   7950000        97.5411       206.4323
   7960000       107.5205       218.0970
   7970000        93.3971       195.5306
   7980000        92.8742       198.5983
   7990000        91.8723       196.1267
   8000000        77.6393       171.1573
   8010000        97.3796       200.0920
   8020000        97.4470       192.9637
   8030000        95.0053       179.4699
   8040000       101.4028       206.0213
   8050000        98.7197       199.4262
   8060000        97.3422       200.7188
   8070000        77.3087       173.0850
   8080000        70.0337       158.8783
   8090000        77.6477       172.0880
   8100000        90.7040       187.6931
   8110000        91.9208       178.2266
   8120000        96.0490       182.3111
   8130000       103.3912       199.6756
   8140000        99.8177       196.0435
   8150000        93.8785       193.8408
   8160000        97.8642       201.5457
   8170000        98.0975       191.3273
   8180000       104.6637       207.6287
   8190000       106.4769       215.5009
   8200000        79.3436       137.1523
   8210000        91.5101       190.2778
   8220000        93.7931       203.9249
   8230000        77.5737       170.6848
   8240000        85.7615       187.7725
   8250000        75.6665       168.2472
   8260000        64.1367       140.1341
   8270000        90.6748       194.2198
   8280000        88.5905       187.8266
   8290000        91.6444       187.8912
   8300000        96.1059       189.1593
   8310000        94.5483       183.6710
   8320000        92.2137       171.7985
   8330000        97.1150       187.1514
   8340000        84.1741       177.1916
   8350000        92.3774       188.4272
   8360000        94.9432       195.4263
   8370000        94.6966       185.7876
   8380000        89.2871       157.2758
   8390000        92.1394       169.0600
   8400000        93.1133       188.6652
   8410000        95.2384       192.8572
   8420000        80.8414       168.3774
   8430000        62.9214       137.8611
   8440000        75.3715       160.6453
   8450000        68.7802       147.6933
   8460000        82.5449       174.8999
   8470000        67.2241       144.4681
   8480000        68.6928       149.7801
   8490000        69.5545       150.2810
   8500000        75.1781       159.7890
   8510000        78.4090       166.9985
   8520000        71.1384       153.1125
   8530000        75.1182       159.6869
   8540000        78.7932       164.9959
   8550000        86.4852       170.3569
   8560000        72.6781       152.1814
   8570000        80.1505       163.2285
   8580000        76.2197       160.2439
   8590000        92.2825       185.7951
   8600000        87.2574       178.3385
   8610000        71.5689       154.6951
   8620000        77.5736       163.3948
   8630000        66.8122       143.9828
   8640000        96.3075       188.7628
   8650000        94.5180       188.7224
   8660000        84.6910       177.5357
   8670000        91.9548       186.8421
   8680000        94.7536       181.5278
   8690000        98.1295       187.1862
   8700000        83.2101       169.6316
   8710000        90.3036       185.3143
   8720000        84.1596       179.7382
   8730000        92.8096       193.9857
   8740000        89.6252       188.7735
   8750000       101.5859       203.1770
   8760000        98.5014       177.4859
   8770000       100.9133       189.0044
   8780000        93.4829       187.1970
   8790000        95.8413       188.8735
   8800000        98.5745       195.2449
   8810000        93.8592       187.8895
   8820000        77.6491       167.9995
   8830000        61.3185       138.3568
   8840000        65.6908       143.9526
   8850000        73.4533       159.6977
   8860000        83.7496       181.0268
   8870000        92.8210       195.3373
   8880000        86.3415       183.7679
   8890000        97.5139       191.3243
   8900000        99.1845       191.2636
   8910000        66.4000       145.7586
   8920000        90.9708       182.5269
   8930000        91.9951       164.7700
   8940000        85.7470       144.2317
   8950000        97.8308       183.9398
   8960000        80.7543       171.3807
   8970000        92.5516       189.2487
   8980000        94.3302       190.4765
   8990000        77.2997       166.4282
   9000000        80.7653       169.0425
   9010000        96.0617       185.4187
   9020000        97.1777       199.7875
   9030000        91.7933       188.9919
   9040000        88.2934       185.5323
   9050000       102.7677       190.9388
   9060000        98.7645       182.8996
   9070000        99.0573       189.2758
   9080000        99.8114       193.5684
   9090000        99.5343       202.0553
   9100000       100.4311       187.6955
   9110000        89.6407       183.3221
   9120000       100.0600       198.4907
   9130000        97.9130       186.8181
   9140000        97.0548       186.8139
   9150000        94.2883       192.1692
   9160000        82.9047       135.9857
   9170000        98.4977       178.3339
   9180000        97.9852       188.6424
   9190000        89.0647       150.1921
   9200000        92.5062       180.0163
   9210000        97.4701       192.3708
   9220000       106.3756       210.6258
   9230000        94.2827       188.5513
   9240000       100.1541       189.4491
   9250000        94.9313       192.5571
   9260000        97.5392       174.2994
   9270000        99.3392       196.2358
   9280000        95.2586       174.5320
   9290000        99.3310       197.6780
   9300000        94.8287       196.3077
   9310000        89.4937       189.7011
   9320000        96.9804       188.3719
   9330000       100.2122       199.8222
   9340000        95.5602       182.5017
   9350000        82.1599       175.3296
   9360000        83.4114       178.5957
   9370000       104.1395       193.7144
   9380000        86.0706       143.0694
   9390000        95.0964       181.2442
   9400000        95.2452       168.0952
   9410000        97.4953       188.1530
   9420000        96.9635       176.5854
   9430000        94.8467       167.7203
   9440000        96.8634       175.6102
   9450000        79.8519       127.3991
   9460000        87.9963       147.7504
   9470000        87.0513       145.6115
   9480000        88.0088       149.8626
   9490000        80.2173       128.8480
   9500000        84.0758       141.3586
   9510000        89.9912       152.7040
   9520000        83.8870       139.9707
   9530000        80.7025       132.4868
   9540000        81.2114       133.2253
   9550000        81.0361       132.1062
   9560000        89.5441       155.3393
   9570000        90.2765       159.0774
   9580000        87.8273       153.9569
   9590000        96.0556       179.0179
   9600000        93.3799       164.4926
   9610000        93.2743       164.8591
   9620000       100.1883       182.9896
   9630000        97.4717       174.9400
   9640000        97.7646       175.4924
   9650000        98.1389       176.9430
   9660000        92.5272       159.9431
   9670000        94.3178       166.1093
   9680000       101.3237       202.9709
   9690000        99.3621       179.0205
   9700000        99.6995       178.9773
   9710000        99.7513       181.0232
   9720000        98.6068       179.9157
   9730000        95.1359       167.8489
   9740000        91.1052       158.4103
   9750000        97.4968       178.4177
   9760000        97.1967       181.5110
   9770000        95.3399       170.6821
   9780000        88.4998       150.7067
   9790000        83.7751       140.0329
   9800000        94.2840       166.4334
   9810000       100.7301       181.7745
   9820000        97.4746       175.3219
   9830000        91.8407       161.3476
   9840000        98.3734       186.9197
   9850000        94.6647       172.3048
   9860000       101.1805       189.0556
   9870000       100.0585       181.0434
   9880000       102.6145       188.1187
   9890000        98.2269       175.0126
   9900000        92.5508       160.7505
   9910000        93.8600       161.3817
   9920000        95.7033       168.2003
   9930000        98.5378       175.5500
   9940000        97.3199       173.5547
   9950000        94.8797       169.5446
   9960000        97.9474       182.7091
   9970000        94.3833       168.2616
   9980000        97.9032       176.8768
   9990000       103.2637       196.1284
  10000000        80.7101       133.2825
